# Oregon-1.txt 10670 22002 5
1 1
2 1
3 1
4 1
5 1
6 4
7 5
8 1
9 1
10 1
11 1
12 1
13 1
14 1
15 1
16 1
17 1
18 1
19 4
20 1
21 4
22 1
23 1
24 4
25 1
26 5
27 1
28 1
29 1
30 1
31 1
32 1
33 1
34 1
35 1
36 1
37 1
38 1
39 1
40 1
41 1
42 1
43 1
44 1
45 1
46 1
47 1
48 1
49 1
50 1
51 1
52 1
53 1
54 1
55 1
56 1
57 1
58 1
59 1
60 1
61 1
62 1
63 1
64 1
65 1
66 1
67 1
68 1
69 1
70 1
71 1
72 1
73 1
74 1
75 1
76 1
77 1
78 1
79 1
80 1
81 1
82 1
83 1
84 1
85 1
86 1
87 1
88 1
89 1
90 1
91 1
92 1
93 1
94 1
95 1
96 1
97 1
98 1
99 1
100 1
101 1
102 1
103 1
104 1
105 1
106 1
107 1
108 1
109 1
110 1
111 1
112 1
113 1
114 1
115 1
116 1
117 1
118 1
119 1
120 1
121 1
122 1
123 1
124 1
125 1
126 1
127 1
128 1
129 1
130 1
131 1
132 1
133 1
134 1
135 1
136 1
137 1
138 1
139 1
140 1
141 1
142 1
143 1
144 1
145 1
146 1
147 1
148 1
149 1
150 1
151 1
152 1
153 1
154 1
155 1
156 1
157 1
158 1
159 1
160 1
161 1
162 1
163 1
164 1
165 1
166 1
167 1
168 1
169 1
170 1
171 1
172 1
173 1
174 1
175 1
176 1
177 1
178 1
179 1
180 1
181 1
182 1
183 1
184 1
185 1
186 1
187 1
188 1
189 1
190 1
191 1
192 1
193 1
194 1
195 1
196 1
197 1
198 1
199 1
200 1
201 1
202 1
203 1
204 1
205 1
206 1
207 1
208 1
209 1
210 1
211 1
212 1
213 1
214 1
215 1
216 1
217 1
218 1
219 1
220 1
221 1
222 1
223 1
224 1
225 1
226 1
227 1
228 1
229 1
230 1
231 1
232 1
233 1
234 1
235 1
236 1
237 1
238 1
239 1
240 1
241 1
242 1
243 1
244 1
245 1
246 1
247 1
248 1
249 1
250 1
251 1
252 1
253 1
254 1
255 1
256 1
257 1
258 1
259 1
260 1
261 1
262 1
263 1
264 1
265 1
266 1
267 1
268 1
269 1
270 1
271 1
272 1
273 1
274 1
275 1
276 1
277 1
278 1
279 1
280 1
281 1
282 1
283 1
284 1
285 1
286 1
287 1
288 1
289 1
290 1
291 1
292 1
293 1
294 1
295 1
296 1
297 1
298 1
299 1
300 1
301 1
302 1
303 1
304 1
305 1
306 1
307 1
308 1
309 1
310 1
311 1
312 1
313 1
314 1
315 1
316 1
317 1
318 1
319 1
320 1
321 1
322 1
323 1
324 1
325 1
326 1
327 1
328 1
329 1
330 1
331 1
332 1
333 1
334 1
335 1
336 1
337 1
338 1
339 1
340 1
341 1
342 1
343 1
344 1
345 1
346 1
347 1
348 1
349 1
350 1
351 1
352 1
353 1
354 1
355 1
356 1
357 1
358 1
359 1
360 1
361 1
362 1
363 1
364 1
365 1
366 1
367 1
368 1
369 1
370 1
371 1
372 1
373 1
374 1
375 1
376 1
377 1
378 1
379 1
380 1
381 1
382 1
383 1
384 1
385 1
386 1
387 1
388 1
389 1
390 1
391 1
392 1
393 1
394 1
395 1
396 1
397 1
398 1
399 1
400 1
401 1
402 1
403 1
404 1
405 1
406 1
407 1
408 1
409 1
410 1
411 1
412 1
413 1
414 1
415 1
416 1
417 1
418 1
419 1
420 1
421 1
422 1
423 1
424 1
425 1
426 1
427 1
428 1
429 1
430 1
431 1
432 1
433 1
434 1
435 1
436 1
437 1
438 1
439 1
440 1
441 1
442 1
443 1
444 1
445 1
446 1
447 1
448 1
449 1
450 1
451 1
452 1
453 1
454 1
455 1
456 1
457 1
458 1
459 1
460 1
461 1
462 1
463 1
464 1
465 1
466 1
467 1
468 1
469 1
470 1
471 1
472 1
473 1
474 1
475 1
476 1
477 1
478 1
479 1
480 1
481 1
482 1
483 1
484 1
485 1
486 1
487 1
488 1
489 1
490 1
491 1
492 1
493 1
494 1
495 1
496 1
497 1
498 1
499 1
500 1
501 1
502 1
503 1
504 1
505 1
506 1
507 1
508 1
509 1
510 1
511 1
512 1
513 1
514 1
515 1
516 1
517 1
518 1
519 1
520 1
521 1
522 1
523 1
524 1
525 1
526 1
527 1
528 1
529 1
530 1
531 1
532 1
533 1
534 1
535 1
536 1
537 1
538 1
539 1
540 1
541 1
542 1
543 1
544 1
545 1
546 1
547 1
548 1
549 1
550 1
551 1
552 1
553 1
554 1
555 1
556 1
557 1
558 1
559 1
560 1
561 1
562 1
563 1
564 1
565 1
566 1
567 1
568 1
569 1
570 1
571 1
572 1
573 1
574 1
575 1
576 1
577 1
578 1
579 1
580 1
581 1
582 1
583 1
584 1
585 1
586 1
587 1
588 1
589 1
590 1
591 1
592 1
593 1
594 1
595 1
596 1
597 1
598 1
599 1
600 1
601 1
602 1
603 1
604 1
605 1
606 1
607 1
608 1
609 1
610 1
611 1
612 1
613 1
614 1
615 1
616 1
617 1
618 1
619 1
620 1
621 1
622 1
623 1
624 1
625 1
626 1
627 1
628 1
629 1
630 1
631 1
632 1
633 1
634 1
635 1
636 1
637 1
638 1
639 1
640 1
641 1
642 1
643 1
644 1
645 1
646 1
647 1
648 1
649 1
650 1
651 1
652 1
653 1
654 1
655 1
656 1
657 1
658 1
659 1
660 1
661 1
662 1
663 1
664 1
665 1
666 1
667 1
668 1
669 1
670 1
671 1
672 1
673 1
674 1
675 1
676 1
677 1
678 1
679 1
680 1
681 1
682 1
683 1
684 1
685 1
686 1
687 1
688 1
689 1
690 1
691 1
692 1
693 1
694 1
695 1
696 1
697 1
698 1
699 1
700 1
701 1
702 1
703 1
704 1
705 1
706 1
707 1
708 1
709 1
710 1
711 1
712 1
713 1
714 1
715 1
716 1
717 1
718 1
719 1
720 1
721 1
722 1
723 1
724 1
725 1
726 1
727 1
728 1
729 1
730 1
731 1
732 1
733 1
734 1
735 1
736 1
737 1
738 1
739 1
740 1
741 1
742 1
743 1
744 1
745 1
746 1
747 1
748 1
749 1
750 1
751 1
752 1
753 1
754 1
755 1
756 1
757 1
758 1
759 1
760 1
761 1
762 1
763 1
764 1
765 1
766 1
767 1
768 1
769 1
770 1
771 1
772 1
773 1
774 1
775 1
776 1
777 1
778 1
779 1
780 1
781 1
782 1
783 1
784 1
785 1
786 1
787 1
788 1
789 1
790 1
791 1
792 1
793 1
794 1
795 1
796 1
797 1
798 1
799 1
800 1
801 1
802 1
803 1
804 1
805 1
806 1
807 1
808 1
809 1
810 1
811 1
812 1
813 1
814 1
815 1
816 1
817 1
818 1
819 1
820 1
821 1
822 1
823 1
824 1
825 1
826 1
827 1
828 1
829 1
830 1
831 1
832 1
833 1
834 1
835 1
836 1
837 1
838 1
839 1
840 1
841 1
842 1
843 1
844 1
845 1
846 1
847 1
848 1
849 1
850 1
851 1
852 1
853 1
854 1
855 1
856 1
857 1
858 1
859 1
860 1
861 1
862 1
863 1
864 1
865 1
866 1
867 1
868 1
869 1
870 1
871 1
872 1
873 1
874 1
875 1
876 1
877 1
878 1
879 1
880 1
881 1
882 1
883 1
884 1
885 1
886 1
887 1
888 1
889 1
890 1
891 1
892 1
893 1
894 1
895 1
896 1
897 1
898 1
899 1
900 1
901 1
902 1
903 1
904 1
905 1
906 1
907 1
908 1
909 1
910 1
911 1
912 1
913 1
914 1
915 1
916 1
917 1
918 1
919 1
920 1
921 1
922 1
923 1
924 1
925 1
926 1
927 1
928 1
929 1
930 1
931 1
932 1
933 1
934 1
935 1
936 1
937 1
938 1
939 1
940 1
941 1
942 1
943 1
944 1
945 1
946 1
947 1
948 1
949 1
950 1
951 1
952 1
953 1
954 1
955 1
956 1
957 1
958 1
959 1
960 1
961 1
962 1
963 1
964 1
965 1
966 1
967 1
968 1
969 1
970 1
971 1
972 1
973 1
974 1
975 1
976 1
977 1
978 1
979 1
980 1
981 1
982 1
983 1
984 1
985 1
986 1
987 1
988 1
989 1
990 1
991 1
992 1
993 1
994 1
995 1
996 1
997 1
998 1
999 1
1000 1
1001 1
1002 1
1003 1
1004 1
1005 1
1006 1
1007 1
1008 1
1009 1
1010 1
1011 1
1012 1
1013 1
1014 1
1015 1
1016 1
1017 1
1018 1
1019 1
1020 1
1021 1
1022 1
1023 1
1024 1
1025 1
1026 1
1027 1
1028 1
1029 1
1030 1
1031 1
1032 1
1033 1
1034 1
1035 1
1036 1
1037 1
1038 1
1039 1
1040 1
1041 1
1042 1
1043 1
1044 1
1045 1
1046 1
1047 1
1048 1
1049 1
1050 1
1051 1
1052 1
1053 1
1054 1
1055 1
1056 1
1057 1
1058 1
1059 1
1060 1
1061 1
1062 1
1063 1
1064 1
1065 1
1066 1
1067 1
1068 1
1069 1
1070 1
1071 1
1072 1
1073 1
1074 1
1075 1
1076 1
1077 1
1078 1
1079 1
1080 1
1081 1
1082 1
1083 1
1084 1
1085 1
1086 1
1087 1
1088 1
1089 1
1090 1
1091 1
1092 1
1093 1
1094 1
1095 1
1096 1
1097 1
1098 1
1099 1
1100 1
1101 1
1102 1
1103 1
1104 1
1105 1
1106 1
1107 1
1108 1
1109 1
1110 1
1111 1
1112 1
1113 1
1114 1
1115 1
1116 1
1117 1
1118 1
1119 1
1120 1
1121 1
1122 1
1123 1
1124 1
1125 1
1126 1
1127 1
1128 1
1129 1
1130 1
1131 1
1132 1
1133 1
1134 1
1135 1
1136 1
1137 1
1138 1
1139 1
1140 1
1141 1
1142 1
1143 1
1144 1
1145 1
1146 1
1147 1
1148 1
1149 1
1150 1
1151 1
1152 1
1153 1
1154 1
1155 1
1156 1
1157 1
1158 1
1159 1
1160 1
1161 1
1162 1
1163 1
1164 1
1165 1
1166 1
1167 1
1168 1
1169 1
1170 1
1171 1
1172 1
1173 1
1174 1
1175 1
1176 1
1177 1
1178 1
1179 1
1180 1
1181 1
1182 1
1183 1
1184 1
1185 1
1186 1
1187 1
1188 1
1189 1
1190 1
1191 1
1192 1
1193 1
1194 1
1195 1
1196 1
1197 1
1198 1
1199 1
1200 1
1201 1
1202 1
1203 1
1204 1
1205 1
1206 1
1207 1
1208 1
1209 1
1210 1
1211 1
1212 1
1213 1
1214 1
1215 1
1216 1
1217 1
1218 1
1219 1
1220 1
1221 1
1222 1
1223 1
1224 1
1225 1
1226 1
1227 1
1228 1
1229 1
1230 1
1231 1
1232 1
1233 1
1234 1
1235 1
1236 1
1237 1
1238 1
1239 1
1240 1
1241 1
1242 1
1243 1
1244 1
1245 1
1246 1
1247 1
1248 1
1249 1
1250 1
1251 1
1252 1
1253 1
1254 1
1255 1
1256 1
1257 1
1258 1
1259 1
1260 1
1261 1
1262 1
1263 1
1264 1
1265 1
1266 1
1267 1
1268 1
1269 1
1270 1
1271 1
1272 1
1273 1
1274 1
1275 1
1276 1
1277 1
1278 1
1279 1
1280 1
1281 1
1282 1
1283 1
1284 1
1285 1
1286 1
1287 1
1288 1
1289 1
1290 1
1291 1
1292 1
1293 1
1294 1
1295 1
1296 1
1297 1
1298 1
1299 1
1300 1
1301 1
1302 1
1303 1
1304 1
1305 1
1306 1
1307 1
1308 1
1309 1
1310 1
1311 1
1312 1
1313 1
1314 1
1315 1
1316 1
1317 1
1318 1
1319 1
1320 1
1321 1
1322 1
1323 1
1324 1
1325 1
1326 1
1327 1
1328 1
1329 1
1330 1
1331 1
1332 1
1333 1
1334 1
1335 1
1336 1
1337 1
1338 1
1339 1
1340 1
1341 1
1342 1
1343 1
1344 1
1345 1
1346 1
1347 1
1348 1
1349 1
1350 1
1351 1
1352 1
1353 1
1354 1
1355 1
1356 1
1357 1
1358 1
1359 1
1360 1
1361 1
1362 1
1363 1
1364 1
1365 1
1366 1
1367 1
1368 1
1369 1
1370 1
1371 1
1372 1
1373 1
1374 1
1375 1
1376 1
1377 1
1378 1
1379 1
1380 1
1381 1
1382 1
1383 1
1384 1
1385 1
1386 1
1387 1
1388 1
1389 1
1390 1
1391 1
1392 1
1393 1
1394 1
1395 1
1396 1
1397 1
1398 1
1399 1
1400 1
1401 1
1402 1
1403 1
1404 1
1405 1
1406 1
1407 1
1408 1
1409 1
1410 1
1411 1
1412 1
1413 1
1414 1
1415 1
1416 1
1417 1
1418 1
1419 1
1420 1
1421 1
1422 1
1423 1
1424 1
1425 1
1426 1
1427 1
1428 1
1429 1
1430 1
1431 1
1432 1
1433 1
1434 1
1435 1
1436 1
1437 1
1438 1
1439 1
1440 1
1441 1
1442 1
1443 1
1444 1
1445 1
1446 1
1447 1
1448 1
1449 1
1450 1
1451 1
1452 1
1453 1
1454 1
1455 1
1456 1
1457 1
1458 1
1459 1
1460 1
1461 1
1462 1
1463 1
1464 1
1465 1
1466 1
1467 1
1468 1
1469 1
1470 1
1471 1
1472 1
1473 1
1474 1
1475 1
1476 1
1477 1
1478 1
1479 1
1480 1
1481 1
1482 1
1483 1
1484 1
1485 1
1486 1
1487 1
1488 1
1489 1
1490 1
1491 1
1492 1
1493 1
1494 1
1495 1
1496 1
1497 1
1498 1
1499 1
1500 1
1501 1
1502 1
1503 1
1504 1
1505 1
1506 1
1507 1
1508 1
1509 1
1510 1
1511 1
1512 1
1513 1
1514 1
1515 1
1516 1
1517 1
1518 1
1519 1
1520 1
1521 1
1522 1
1523 1
1524 1
1525 1
1526 1
1527 1
1528 1
1529 1
1530 1
1531 1
1532 1
1533 1
1534 1
1535 1
1536 1
1537 1
1538 1
1539 1
1540 1
1541 1
1542 1
1543 1
1544 1
1545 1
1546 1
1547 1
1548 1
1549 1
1550 1
1551 1
1552 1
1553 1
1554 1
1555 1
1556 1
1557 1
1558 1
1559 1
1560 1
1561 1
1562 1
1563 1
1564 1
1565 1
1566 1
1567 1
1568 1
1569 1
1570 1
1571 1
1572 1
1573 1
1574 1
1575 1
1576 1
1577 1
1578 1
1579 1
1580 1
1581 1
1582 1
1583 1
1584 1
1585 1
1586 1
1587 1
1588 1
1589 1
1590 1
1591 1
1592 1
1593 1
1594 1
1595 1
1596 1
1597 1
1598 1
1599 1
1600 1
1601 1
1602 1
1603 1
1604 1
1605 1
1606 1
1607 1
1608 1
1609 1
1610 1
1611 1
1612 1
1613 1
1614 1
1615 1
1616 1
1617 1
1618 1
1619 1
1620 1
1621 1
1622 1
1623 1
1624 1
1625 1
1626 1
1627 1
1628 1
1629 1
1630 1
1631 1
1632 1
1633 1
1634 1
1635 1
1636 1
1637 1
1638 1
1639 1
1640 1
1641 1
1642 1
1643 1
1644 1
1645 1
1646 1
1647 1
1648 1
1649 1
1650 1
1651 1
1652 1
1653 1
1654 1
1655 1
1656 1
1657 1
1658 1
1659 1
1660 1
1661 1
1662 1
1663 1
1664 1
1665 1
1666 1
1667 1
1668 1
1669 1
1670 1
1671 1
1672 1
1673 1
1674 1
1675 1
1676 1
1677 1
1678 1
1679 1
1680 1
1681 1
1682 1
1683 1
1684 1
1685 1
1686 1
1687 1
1688 1
1689 1
1690 1
1691 1
1692 1
1693 1
1694 1
1695 1
1696 1
1697 1
1698 1
1699 1
1700 1
1701 1
1702 1
1703 1
1704 1
1705 1
1706 1
1707 1
1708 1
1709 1
1710 1
1711 1
1712 1
1713 1
1714 1
1715 1
1716 1
1717 1
1718 1
1719 1
1720 1
1721 1
1722 1
1723 1
1724 1
1725 1
1726 1
1727 1
1728 1
1729 1
1730 1
1731 1
1732 1
1733 1
1734 1
1735 1
1736 1
1737 1
1738 1
1739 1
1740 1
1741 1
1742 1
1743 1
1744 1
1745 1
1746 1
1747 1
1748 1
1749 1
1750 1
1751 1
1752 1
1753 1
1754 1
1755 1
1756 1
1757 1
1758 1
1759 1
1760 1
1761 1
1762 1
1763 1
1764 1
1765 1
1766 1
1767 1
1768 1
1769 1
1770 1
1771 1
1772 1
1773 1
1774 1
1775 1
1776 1
1777 1
1778 1
1779 1
1780 1
1781 1
1782 1
1783 1
1784 1
1785 1
1786 1
1787 1
1788 1
1789 1
1790 1
1791 1
1792 1
1793 1
1794 1
1795 1
1796 1
1797 1
1798 1
1799 1
1800 1
1801 1
1802 1
1803 1
1804 1
1805 1
1806 1
1807 1
1808 1
1809 1
1810 1
1811 1
1812 1
1813 1
1814 1
1815 1
1816 1
1817 1
1818 1
1819 1
1820 1
1821 1
1822 1
1823 1
1824 1
1825 1
1826 1
1827 1
1828 1
1829 1
1830 1
1831 1
1832 1
1833 1
1834 1
1835 1
1836 1
1837 1
1838 1
1839 1
1840 1
1841 1
1842 1
1843 1
1844 1
1845 1
1846 1
1847 1
1848 1
1849 1
1850 1
1851 1
1852 1
1853 1
1854 1
1855 1
1856 1
1857 1
1858 1
1859 1
1860 1
1861 1
1862 1
1863 1
1864 1
1865 1
1866 1
1867 1
1868 1
1869 1
1870 1
1871 1
1872 1
1873 1
1874 1
1875 1
1876 1
1877 1
1878 1
1879 1
1880 1
1881 1
1882 1
1883 1
1884 1
1885 1
1886 1
1887 1
1888 1
1889 1
1890 1
1891 1
1892 1
1893 1
1894 1
1895 1
1896 1
1897 1
1898 1
1899 1
1900 1
1901 1
1902 1
1903 1
1904 1
1905 1
1906 1
1907 1
1908 1
1909 1
1910 1
1911 1
1912 1
1913 1
1914 1
1915 1
1916 1
1917 1
1918 1
1919 1
1920 1
1921 1
1922 1
1923 1
1924 1
1925 1
1926 1
1927 1
1928 1
1929 1
1930 1
1931 1
1932 1
1933 1
1934 1
1935 1
1936 1
1937 1
1938 1
1939 1
1940 1
1941 1
1942 1
1943 1
1944 1
1945 1
1946 1
1947 1
1948 1
1949 1
1950 1
1951 1
1952 1
1953 1
1954 1
1955 1
1956 1
1957 1
1958 1
1959 1
1960 1
1961 1
1962 1
1963 1
1964 1
1965 1
1966 1
1967 1
1968 1
1969 1
1970 1
1971 1
1972 1
1973 1
1974 1
1975 1
1976 1
1977 1
1978 1
1979 1
1980 1
1981 1
1982 1
1983 1
1984 1
1985 1
1986 1
1987 1
1988 1
1989 1
1990 1
1991 1
1992 1
1993 1
1994 1
1995 1
1996 1
1997 1
1998 1
1999 1
2000 1
2001 1
2002 1
2003 1
2004 1
2005 1
2006 1
2007 1
2008 1
2009 1
2010 1
2011 1
2012 1
2013 1
2014 1
2015 1
2016 1
2017 1
2018 1
2019 1
2020 1
2021 1
2022 1
2023 1
2024 1
2025 1
2026 1
2027 1
2028 1
2029 1
2030 1
2031 1
2032 1
2033 1
2034 1
2035 1
2036 1
2037 1
2038 1
2039 1
2040 1
2041 1
2042 1
2043 1
2044 1
2045 1
2046 1
2047 1
2048 1
2049 1
2050 1
2051 1
2052 1
2053 1
2054 1
2055 1
2056 1
2057 1
2058 1
2059 1
2060 1
2061 1
2062 1
2063 1
2064 1
2065 1
2066 1
2067 1
2068 1
2069 1
2070 1
2071 1
2072 1
2073 1
2074 1
2075 1
2076 1
2077 1
2078 1
2079 1
2080 1
2081 1
2082 1
2083 1
2084 1
2085 1
2086 1
2087 1
2088 1
2089 1
2090 1
2091 1
2092 1
2093 1
2094 1
2095 1
2096 1
2097 1
2098 1
2099 1
2100 1
2101 1
2102 1
2103 1
2104 1
2105 1
2106 1
2107 1
2108 1
2109 1
2110 1
2111 1
2112 1
2113 1
2114 1
2115 1
2116 1
2117 1
2118 1
2119 1
2120 1
2121 1
2122 1
2123 1
2124 1
2125 1
2126 1
2127 1
2128 1
2129 1
2130 1
2131 1
2132 1
2133 1
2134 1
2135 1
2136 1
2137 1
2138 1
2139 1
2140 1
2141 1
2142 1
2143 1
2144 1
2145 1
2146 1
2147 1
2148 1
2149 1
2150 1
2151 1
2152 1
2153 1
2154 1
2155 1
2156 1
2157 1
2158 1
2159 1
2160 1
2161 1
2162 1
2163 1
2164 1
2165 1
2166 1
2167 1
2168 1
2169 1
2170 1
2171 1
2172 1
2173 1
2174 1
2175 1
2176 1
2177 1
2178 1
2179 1
2180 1
2181 1
2182 1
2183 1
2184 1
2185 1
2186 1
2187 1
2188 1
2189 1
2190 1
2191 1
2192 1
2193 1
2194 1
2195 1
2196 1
2197 1
2198 1
2199 1
2200 1
2201 1
2202 1
2203 1
2204 1
2205 1
2206 1
2207 1
2208 1
2209 1
2210 1
2211 1
2212 1
2213 1
2214 1
2215 1
2216 1
2217 1
2218 1
2219 1
2220 1
2221 1
2222 1
2223 1
2224 1
2225 1
2226 1
2227 1
2228 1
2229 1
2230 1
2231 1
2232 1
2233 1
2234 1
2235 1
2236 1
2237 1
2238 1
2239 1
2240 1
2241 1
2242 1
2243 1
2244 1
2245 1
2246 1
2247 1
2248 1
2249 1
2250 1
2251 1
2252 1
2253 1
2254 1
2255 1
2256 1
2257 1
2258 1
2259 1
2260 1
2261 1
2262 1
2263 1
2264 1
2265 1
2266 1
2267 1
2268 1
2269 1
2270 1
2271 1
2272 1
2273 1
2274 1
2275 1
2276 1
2277 1
2278 1
2279 1
2280 1
2281 1
2282 1
2283 1
2284 1
2285 1
2286 1
2287 1
2288 1
2289 1
2290 1
2291 1
2292 1
2293 1
2294 1
2295 1
2296 1
2297 1
2298 1
2299 1
2300 1
2301 1
2302 1
2303 1
2304 1
2305 1
2306 1
2307 1
2308 1
2309 1
2310 1
2311 1
2312 1
2313 1
2314 1
2315 1
2316 1
2317 1
2318 1
2319 1
2320 1
2321 1
2322 1
2323 1
2324 1
2325 1
2326 1
2327 1
2328 1
2329 1
2330 1
2331 1
2332 1
2333 1
2334 1
2335 1
2336 1
2337 1
2338 1
2339 1
2340 1
2341 1
2342 1
2343 1
2344 1
2345 1
2346 1
2347 1
2348 1
2349 1
2350 1
2351 1
2352 1
2353 1
2354 1
2355 1
2356 1
2357 1
2358 1
2359 1
2360 1
2361 1
2362 1
2363 1
2364 1
2365 1
2366 1
2367 1
2368 1
2369 1
2370 1
2371 1
2372 1
2373 1
2374 1
2375 1
2376 1
2377 1
2378 1
2379 1
2380 1
2381 1
2382 1
2383 1
2384 1
2385 1
2386 1
2387 1
2388 1
2389 1
2390 1
2391 1
2392 1
2393 1
2394 1
2395 1
2396 1
2397 1
2398 1
2399 1
2400 1
2401 1
2402 1
2403 1
2404 1
2405 1
2406 1
2407 1
2408 1
2409 1
2410 1
2411 1
2412 1
2413 1
2414 1
2415 1
2416 1
2417 1
2418 1
2419 1
2420 1
2421 1
2422 1
2423 1
2424 1
2425 1
2426 1
2427 1
2428 1
2429 1
2430 1
2431 1
2432 1
2433 1
2434 1
2435 1
2436 1
2437 1
2438 1
2439 1
2440 1
2441 1
2442 1
2443 1
2444 1
2445 1
2446 1
2447 1
2448 1
2449 1
2450 1
2451 1
2452 1
2453 1
2454 1
2455 1
2456 1
2457 1
2458 1
2459 1
2460 1
2461 1
2462 1
2463 1
2464 1
2465 1
2466 1
2467 1
2468 1
2469 1
2470 1
2471 1
2472 1
2473 1
2474 1
2475 1
2476 1
2477 1
2478 1
2479 1
2480 1
2481 1
2482 1
2483 1
2484 1
2485 1
2486 1
2487 1
2488 1
2489 1
2490 1
2491 1
2492 1
2493 1
2494 1
2495 1
2496 1
2497 1
2498 1
2499 1
2500 1
2501 1
2502 1
2503 1
2504 1
2505 1
2506 1
2507 1
2508 1
2509 1
2510 1
2511 1
2512 1
2513 1
2514 1
2515 1
2516 1
2517 1
2518 1
2519 1
2520 1
2521 1
2522 1
2523 1
2524 1
2525 1
2526 1
2527 1
2528 1
2529 1
2530 1
2531 1
2532 1
2533 1
2534 1
2535 1
2536 1
2537 1
2538 1
2539 1
2540 1
2541 1
2542 1
2543 1
2544 1
2545 1
2546 1
2547 1
2548 1
2549 1
2550 1
2551 1
2552 1
2553 1
2554 1
2555 1
2556 1
2557 1
2558 1
2559 1
2560 1
2561 1
2562 1
2563 1
2564 1
2565 1
2566 1
2567 1
2568 1
2569 1
2570 1
2571 1
2572 1
2573 1
2574 1
2575 1
2576 1
2577 1
2578 1
2579 1
2580 1
2581 1
2582 1
2583 1
2584 1
2585 1
2586 1
2587 1
2588 1
2589 1
2590 1
2591 1
2592 1
2593 1
2594 1
2595 1
2596 1
2597 1
2598 1
2599 1
2600 1
2601 1
2602 1
2603 1
2604 1
2605 1
2606 1
2607 1
2608 1
2609 1
2610 1
2611 1
2612 1
2613 1
2614 1
2615 1
2616 1
2617 1
2618 1
2619 1
2620 1
2621 1
2622 1
2623 1
2624 1
2625 1
2626 1
2627 1
2628 1
2629 1
2630 1
2631 1
2632 1
2633 1
2634 1
2635 1
2636 1
2637 1
2638 1
2639 1
2640 1
2641 1
2642 1
2643 1
2644 1
2645 1
2646 1
2647 1
2648 1
2649 1
2650 1
2651 1
2652 1
2653 1
2654 1
2655 1
2656 1
2657 1
2658 1
2659 1
2660 1
2661 1
2662 1
2663 1
2664 1
2665 1
2666 1
2667 1
2668 1
2669 1
2670 1
2671 1
2672 1
2673 1
2674 1
2675 1
2676 1
2677 1
2678 1
2679 1
2680 1
2681 1
2682 1
2683 1
2684 1
2685 1
2686 1
2687 1
2688 1
2689 1
2690 1
2691 1
2692 1
2693 1
2694 1
2695 1
2696 1
2697 1
2698 1
2699 1
2700 1
2701 1
2702 1
2703 1
2704 1
2705 1
2706 1
2707 1
2708 1
2709 1
2710 1
2711 1
2712 1
2713 1
2714 1
2715 1
2716 1
2717 1
2718 1
2719 1
2720 1
2721 1
2722 1
2723 1
2724 1
2725 1
2726 1
2727 1
2728 1
2729 1
2730 1
2731 1
2732 1
2733 1
2734 1
2735 1
2736 1
2737 1
2738 1
2739 1
2740 1
2741 1
2742 1
2743 1
2744 1
2745 1
2746 1
2747 1
2748 1
2749 1
2750 1
2751 1
2752 1
2753 1
2754 1
2755 1
2756 1
2757 1
2758 1
2759 1
2760 1
2761 1
2762 1
2763 1
2764 1
2765 1
2766 1
2767 1
2768 1
2769 1
2770 1
2771 1
2772 1
2773 1
2774 1
2775 1
2776 1
2777 1
2778 1
2779 1
2780 1
2781 1
2782 1
2783 1
2784 1
2785 1
2786 1
2787 1
2788 1
2789 1
2790 1
2791 1
2792 1
2793 1
2794 1
2795 1
2796 1
2797 1
2798 1
2799 1
2800 1
2801 1
2802 1
2803 1
2804 1
2805 1
2806 1
2807 1
2808 1
2809 1
2810 1
2811 1
2812 1
2813 1
2814 1
2815 1
2816 1
2817 1
2818 1
2819 1
2820 1
2821 1
2822 1
2823 1
2824 1
2825 1
2826 1
2827 1
2828 1
2829 1
2830 1
2831 1
2832 1
2833 1
2834 1
2835 1
2836 1
2837 1
2838 1
2839 1
2840 1
2841 1
2842 1
2843 1
2844 1
2845 1
2846 1
2847 1
2848 1
2849 1
2850 1
2851 1
2852 1
2853 1
2854 1
2855 1
2856 1
2857 1
2858 1
2859 1
2860 1
2861 1
2862 1
2863 1
2864 1
2865 1
2866 1
2867 1
2868 1
2869 1
2870 1
2871 1
2872 1
2873 1
2874 1
2875 1
2876 1
2877 1
2878 1
2879 1
2880 1
2881 1
2882 1
2883 1
2884 1
2885 1
2886 1
2887 1
2888 1
2889 1
2890 1
2891 1
2892 1
2893 1
2894 1
2895 1
2896 1
2897 1
2898 1
2899 1
2900 1
2901 1
2902 1
2903 1
2904 1
2905 1
2906 1
2907 1
2908 1
2909 1
2910 1
2911 1
2912 1
2913 1
2914 1
2915 1
2916 1
2917 1
2918 1
2919 1
2920 1
2921 1
2922 1
2923 1
2924 1
2925 1
2926 1
2927 1
2928 1
2929 1
2930 1
2931 1
2932 1
2933 1
2934 1
2935 1
2936 1
2937 1
2938 1
2939 1
2940 1
2941 1
2942 1
2943 1
2944 1
2945 1
2946 1
2947 1
2948 1
2949 1
2950 1
2951 1
2952 1
2953 1
2954 1
2955 1
2956 1
2957 1
2958 1
2959 1
2960 1
2961 1
2962 1
2963 1
2964 1
2965 1
2966 1
2967 1
2968 1
2969 1
2970 1
2971 1
2972 1
2973 1
2974 1
2975 1
2976 1
2977 1
2978 1
2979 1
2980 1
2981 1
2982 1
2983 1
2984 1
2985 1
2986 1
2987 1
2988 1
2989 1
2990 1
2991 1
2992 1
2993 1
2994 1
2995 1
2996 1
2997 1
2998 1
2999 1
3000 1
3001 1
3002 1
3003 1
3004 1
3005 1
3006 1
3007 1
3008 1
3009 1
3010 1
3011 1
3012 1
3013 1
3014 1
3015 1
3016 1
3017 1
3018 1
3019 1
3020 1
3021 1
3022 1
3023 1
3024 1
3025 1
3026 1
3027 1
3028 1
3029 1
3030 1
3031 1
3032 1
3033 1
3034 1
3035 1
3036 1
3037 1
3038 1
3039 1
3040 1
3041 1
3042 1
3043 1
3044 1
3045 1
3046 1
3047 1
3048 1
3049 1
3050 1
3051 1
3052 1
3053 1
3054 1
3055 1
3056 1
3057 1
3058 1
3059 1
3060 1
3061 1
3062 1
3063 1
3064 1
3065 1
3066 1
3067 1
3068 1
3069 1
3070 1
3071 1
3072 1
3073 1
3074 1
3075 1
3076 1
3077 1
3078 1
3079 1
3080 1
3081 1
3082 1
3083 1
3084 1
3085 1
3086 1
3087 1
3088 1
3089 1
3090 1
3091 1
3092 1
3093 1
3094 1
3095 1
3096 1
3097 1
3098 1
3099 1
3100 1
3101 1
3102 1
3103 1
3104 1
3105 1
3106 1
3107 1
3108 1
3109 1
3110 1
3111 1
3112 1
3113 1
3114 1
3115 1
3116 1
3117 1
3118 1
3119 1
3120 1
3121 1
3122 1
3123 1
3124 1
3125 1
3126 1
3127 1
3128 1
3129 1
3130 1
3131 1
3132 1
3133 1
3134 1
3135 1
3136 1
3137 1
3138 1
3139 1
3140 1
3141 1
3142 1
3143 1
3144 1
3145 1
3146 1
3147 1
3148 1
3149 1
3150 1
3151 1
3152 1
3153 1
3154 1
3155 1
3156 1
3157 1
3158 1
3159 1
3160 1
3161 1
3162 1
3163 1
3164 1
3165 1
3166 1
3167 1
3168 1
3169 1
3170 1
3171 1
3172 1
3173 1
3174 1
3175 1
3176 1
3177 1
3178 1
3179 1
3180 1
3181 1
3182 1
3183 1
3184 1
3185 1
3186 1
3187 1
3188 1
3189 1
3190 1
3191 1
3192 1
3193 1
3194 1
3195 1
3196 1
3197 1
3198 1
3199 1
3200 1
3201 1
3202 1
3203 1
3204 1
3205 1
3206 1
3207 1
3208 1
3209 1
3210 1
3211 1
3212 1
3213 1
3214 1
3215 1
3216 1
3217 1
3218 1
3219 1
3220 1
3221 1
3222 1
3223 1
3224 1
3225 1
3226 1
3227 1
3228 1
3229 1
3230 1
3231 1
3232 1
3233 1
3234 1
3235 1
3236 1
3237 1
3238 1
3239 1
3240 1
3241 1
3242 1
3243 1
3244 1
3245 1
3246 1
3247 1
3248 1
3249 1
3250 1
3251 1
3252 1
3253 1
3254 1
3255 1
3256 1
3257 1
3258 1
3259 1
3260 1
3261 1
3262 1
3263 1
3264 1
3265 1
3266 1
3267 1
3268 1
3269 1
3270 1
3271 1
3272 1
3273 1
3274 1
3275 1
3276 1
3277 1
3278 1
3279 1
3280 1
3281 1
3282 1
3283 1
3284 1
3285 1
3286 1
3287 1
3288 1
3289 1
3290 1
3291 1
3292 1
3293 1
3294 1
3295 1
3296 1
3297 1
3298 1
3299 1
3300 1
3301 1
3302 1
3303 1
3304 1
3305 1
3306 1
3307 1
3308 1
3309 1
3310 1
3311 1
3312 1
3313 1
3314 1
3315 1
3316 1
3317 1
3318 1
3319 1
3320 1
3321 1
3322 1
3323 1
3324 1
3325 1
3326 1
3327 1
3328 1
3329 1
3330 1
3331 1
3332 1
3333 1
3334 1
3335 1
3336 1
3337 1
3338 1
3339 1
3340 1
3341 1
3342 1
3343 1
3344 1
3345 1
3346 1
3347 1
3348 1
3349 1
3350 1
3351 1
3352 1
3353 1
3354 1
3355 1
3356 1
3357 1
3358 1
3359 1
3360 1
3361 1
3362 1
3363 1
3364 1
3365 1
3366 1
3367 1
3368 1
3369 1
3370 1
3371 1
3372 1
3373 1
3374 1
3375 1
3376 1
3377 1
3378 1
3379 1
3380 1
3381 1
3382 1
3383 1
3384 1
3385 1
3386 1
3387 1
3388 1
3389 1
3390 1
3391 1
3392 1
3393 1
3394 1
3395 1
3396 1
3397 1
3398 1
3399 1
3400 1
3401 1
3402 1
3403 1
3404 1
3405 1
3406 1
3407 1
3408 1
3409 1
3410 1
3411 1
3412 1
3413 1
3414 1
3415 1
3416 1
3417 1
3418 1
3419 1
3420 1
3421 1
3422 1
3423 1
3424 1
3425 1
3426 1
3427 1
3428 1
3429 1
3430 1
3431 1
3432 1
3433 1
3434 1
3435 1
3436 1
3437 1
3438 1
3439 1
3440 1
3441 1
3442 1
3443 1
3444 1
3445 1
3446 1
3447 1
3448 1
3449 1
3450 1
3451 1
3452 1
3453 1
3454 1
3455 1
3456 1
3457 1
3458 1
3459 1
3460 1
3461 1
3462 1
3463 1
3464 1
3465 1
3466 1
3467 1
3468 1
3469 1
3470 1
3471 1
3472 1
3473 1
3474 1
3475 1
3476 1
3477 1
3478 1
3479 1
3480 1
3481 1
3482 1
3483 1
3484 1
3485 1
3486 1
3487 1
3488 1
3489 1
3490 1
3491 1
3492 1
3493 1
3494 1
3495 1
3496 1
3497 1
3498 1
3499 1
3500 1
3501 1
3502 1
3503 1
3504 1
3505 1
3506 1
3507 1
3508 1
3509 1
3510 1
3511 1
3512 1
3513 1
3514 1
3515 1
3516 1
3517 1
3518 1
3519 1
3520 1
3521 1
3522 1
3523 1
3524 1
3525 1
3526 4
3527 1
3528 1
3529 1
3530 1
3531 1
3532 1
3533 1
3534 1
3535 1
3536 1
3537 1
3538 1
3539 1
3540 1
3541 1
3542 1
3543 1
3544 1
3545 1
3546 1
3547 1
3548 1
3549 1
3550 1
3551 1
3552 1
3553 1
3554 1
3555 1
3556 1
3557 1
3558 1
3559 1
3560 1
3561 1
3562 4
3563 1
3564 1
3565 1
3566 1
3567 1
3568 1
3569 1
3570 1
3571 1
3572 1
3573 1
3574 1
3575 1
3576 1
3577 1
3578 1
3579 1
3580 1
3581 1
3582 1
3583 1
3584 1
3585 1
3586 1
3587 1
3588 1
3589 1
3590 1
3591 1
3592 1
3593 1
3594 1
3595 1
3596 1
3597 1
3598 1
3599 1
3600 1
3601 1
3602 1
3603 1
3604 1
3605 1
3606 1
3607 1
3608 1
3609 1
3610 1
3611 1
3612 1
3613 1
3614 1
3615 1
3616 1
3617 1
3618 1
3619 1
3620 1
3621 1
3622 1
3623 1
3624 1
3625 1
3626 1
3627 1
3628 1
3629 1
3630 1
3631 1
3632 1
3633 1
3634 1
3635 1
3636 1
3637 1
3638 1
3639 1
3640 1
3641 1
3642 1
3643 1
3644 1
3645 1
3646 1
3647 1
3648 1
3649 1
3650 1
3651 1
3652 1
3653 1
3654 1
3655 1
3656 1
3657 1
3658 1
3659 1
3660 1
3661 1
3662 1
3663 1
3664 1
3665 1
3666 1
3667 1
3668 1
3669 1
3670 1
3671 1
3672 1
3673 1
3674 1
3675 1
3676 1
3677 1
3678 1
3679 1
3680 1
3681 1
3682 1
3683 1
3684 1
3685 1
3686 1
3687 1
3688 1
3689 1
3690 1
3691 1
3692 1
3693 1
3694 1
3695 1
3696 1
3697 1
3698 1
3699 1
3700 1
3701 1
3702 1
3703 1
3704 1
3705 1
3706 1
3707 1
3708 1
3709 1
3710 1
3711 1
3712 1
3713 1
3714 1
3715 1
3716 1
3717 1
3718 1
3719 1
3720 1
3721 1
3722 1
3723 1
3724 1
3725 1
3726 1
3727 1
3728 1
3729 1
3730 1
3731 1
3732 1
3733 1
3734 1
3735 1
3736 1
3737 1
3738 1
3739 1
3740 1
3741 1
3742 1
3743 1
3744 1
3745 1
3746 1
3747 1
3748 1
3749 1
3750 1
3751 1
3752 1
3753 1
3754 1
3755 1
3756 1
3757 1
3758 1
3759 1
3760 1
3761 1
3762 1
3763 1
3764 1
3765 1
3766 1
3767 1
3768 1
3769 1
3770 1
3771 1
3772 1
3773 1
3774 1
3775 1
3776 1
3777 1
3778 1
3779 1
3780 1
3781 1
3782 1
3783 1
3784 1
3785 1
3786 1
3787 1
3788 1
3789 1
3790 1
3791 1
3792 1
3793 1
3794 1
3795 1
3796 1
3797 1
3798 1
3799 1
3800 1
3801 1
3802 1
3803 1
3804 1
3805 1
3806 1
3807 1
3808 1
3809 1
3810 1
3811 1
3812 1
3813 1
3814 1
3815 1
3816 1
3817 1
3818 1
3819 1
3820 1
3821 1
3822 1
3823 1
3824 1
3825 1
3826 1
3827 1
3828 1
3829 1
3830 1
3831 1
3832 1
3833 1
3834 1
3835 1
3836 1
3837 1
3838 1
3839 1
3840 1
3841 1
3842 1
3843 1
3844 1
3845 1
3846 1
3847 1
3848 1
3849 1
3850 1
3851 1
3852 1
3853 1
3854 1
3855 1
3856 1
3857 1
3858 1
3859 1
3860 1
3861 1
3862 1
3863 1
3864 1
3865 1
3866 1
3867 1
3868 1
3869 1
3870 1
3871 1
3872 1
3873 1
3874 1
3875 1
3876 1
3877 1
3878 1
3879 1
3880 1
3881 1
3882 1
3883 1
3884 1
3885 1
3886 1
3887 1
3888 1
3889 1
3890 1
3891 1
3892 1
3893 1
3894 1
3895 1
3896 1
3897 1
3898 1
3899 1
3900 1
3901 1
3902 1
3903 1
3904 1
3905 1
3906 1
3907 1
3908 1
3909 1
3910 1
3911 1
3912 1
3913 1
3914 1
3915 1
3916 1
3917 1
3918 1
3919 1
3920 1
3921 1
3922 1
3923 1
3924 1
3925 1
3926 1
3927 1
3928 1
3929 1
3930 1
3931 1
3932 1
3933 1
3934 1
3935 1
3936 1
3937 1
3938 1
3939 1
3940 1
3941 1
3942 1
3943 1
3944 1
3945 1
3946 1
3947 1
3948 1
3949 1
3950 1
3951 1
3952 1
3953 1
3954 1
3955 1
3956 1
3957 1
3958 1
3959 1
3960 1
3961 1
3962 1
3963 1
3964 1
3965 1
3966 1
3967 1
3968 1
3969 1
3970 1
3971 1
3972 1
3973 1
3974 1
3975 1
3976 1
3977 1
3978 1
3979 1
3980 1
3981 1
3982 1
3983 1
3984 1
3985 1
3986 1
3987 1
3988 1
3989 1
3990 1
3991 1
3992 1
3993 1
3994 1
3995 1
3996 1
3997 1
3998 1
3999 1
4000 1
4001 1
4002 1
4003 1
4004 1
4005 1
4006 1
4007 1
4008 1
4009 1
4010 1
4011 1
4012 1
4013 1
4014 1
4015 1
4016 1
4017 1
4018 1
4019 1
4020 1
4021 1
4022 1
4023 1
4024 1
4025 1
4026 1
4027 1
4028 1
4029 1
4030 1
4031 1
4032 1
4033 1
4034 1
4035 1
4036 1
4037 1
4038 1
4039 1
4040 1
4041 1
4042 1
4043 1
4044 1
4045 1
4046 1
4047 1
4048 1
4049 1
4050 1
4051 1
4052 1
4053 1
4054 1
4055 1
4056 1
4057 1
4058 1
4059 1
4060 1
4061 1
4062 1
4063 1
4064 1
4065 1
4066 1
4067 1
4068 1
4069 1
4070 1
4071 1
4072 1
4073 1
4074 1
4075 1
4076 1
4077 1
4078 1
4079 1
4080 1
4081 1
4082 1
4083 1
4084 1
4085 1
4086 1
4087 1
4088 1
4089 1
4090 1
4091 1
4092 1
4093 1
4094 1
4095 1
4096 1
4097 1
4098 1
4099 1
4100 1
4101 1
4102 1
4103 1
4104 1
4105 1
4106 1
4107 1
4108 1
4109 1
4110 1
4111 1
4112 1
4113 1
4114 1
4115 1
4116 1
4117 1
4118 1
4119 1
4120 1
4121 1
4122 1
4123 1
4124 1
4125 1
4126 1
4127 1
4128 1
4129 1
4130 1
4131 1
4132 1
4133 1
4134 1
4135 1
4136 1
4137 1
4138 1
4139 1
4140 1
4141 1
4142 1
4143 1
4144 1
4145 1
4146 1
4147 1
4148 1
4149 1
4150 1
4151 1
4152 1
4153 1
4154 1
4155 1
4156 1
4157 1
4158 1
4159 1
4160 1
4161 1
4162 1
4163 1
4164 1
4165 1
4166 1
4167 1
4168 1
4169 1
4170 1
4171 1
4172 1
4173 1
4174 1
4175 1
4176 1
4177 1
4178 1
4179 1
4180 1
4181 1
4182 1
4183 1
4184 1
4185 1
4186 1
4187 1
4188 1
4189 1
4190 1
4191 1
4192 1
4193 1
4194 1
4195 1
4196 1
4197 1
4198 1
4199 1
4200 1
4201 1
4202 1
4203 1
4204 1
4205 1
4206 1
4207 1
4208 1
4209 1
4210 1
4211 1
4212 1
4213 1
4214 1
4215 1
4216 1
4217 1
4218 1
4219 1
4220 1
4221 1
4222 1
4223 1
4224 1
4225 1
4226 1
4227 1
4228 1
4229 1
4230 1
4231 1
4232 1
4233 1
4234 1
4235 1
4236 1
4237 1
4238 1
4239 1
4240 1
4241 1
4242 1
4243 1
4244 1
4245 1
4246 1
4247 1
4248 1
4249 1
4250 1
4251 1
4252 1
4253 1
4254 1
4255 1
4256 1
4257 1
4258 1
4259 1
4260 1
4261 1
4262 1
4263 1
4264 1
4265 1
4266 1
4267 1
4268 1
4269 1
4270 1
4271 1
4272 1
4273 1
4274 1
4275 1
4276 1
4277 1
4278 1
4279 1
4280 1
4281 1
4282 1
4283 1
4284 1
4285 1
4286 1
4287 1
4288 1
4289 1
4290 1
4291 1
4292 1
4293 1
4294 1
4295 1
4296 1
4297 1
4298 1
4299 1
4300 1
4301 1
4302 1
4303 1
4304 1
4305 1
4306 1
4307 1
4308 1
4309 1
4310 1
4311 1
4312 1
4313 1
4314 1
4315 1
4316 1
4317 1
4318 1
4319 1
4320 1
4321 1
4322 1
4323 1
4324 4
4325 1
4326 1
4327 1
4328 1
4329 1
4330 1
4331 1
4332 1
4333 1
4334 1
4335 1
4336 1
4337 1
4338 1
4339 1
4340 1
4341 1
4342 1
4343 1
4344 4
4345 1
4346 1
4347 1
4348 1
4349 1
4350 1
4351 1
4352 1
4353 1
4354 1
4355 1
4356 1
4357 1
4358 1
4359 1
4360 1
4361 1
4362 1
4363 1
4364 1
4365 1
4366 1
4367 1
4368 1
4369 1
4370 1
4371 1
4372 1
4373 1
4374 1
4375 1
4376 1
4377 1
4378 1
4379 1
4380 1
4381 1
4382 1
4383 1
4384 1
4385 1
4386 1
4387 1
4388 1
4389 1
4390 1
4391 1
4392 1
4393 1
4394 1
4395 1
4396 1
4397 1
4398 1
4399 1
4400 1
4401 1
4402 1
4403 1
4404 1
4405 1
4406 1
4407 1
4408 1
4409 1
4410 1
4411 1
4412 1
4413 1
4414 1
4415 1
4416 1
4417 1
4418 1
4419 1
4420 1
4421 1
4422 1
4423 1
4424 1
4425 1
4426 1
4427 1
4428 1
4429 1
4430 1
4431 1
4432 1
4433 1
4434 1
4435 1
4436 1
4437 1
4438 1
4439 1
4440 1
4441 1
4442 1
4443 1
4444 1
4445 1
4446 1
4447 1
4448 1
4449 1
4450 1
4451 1
4452 1
4453 1
4454 1
4455 1
4456 1
4457 1
4458 1
4459 1
4460 1
4461 1
4462 1
4463 1
4464 1
4465 1
4466 1
4467 1
4468 1
4469 1
4470 1
4471 1
4472 1
4473 1
4474 1
4475 1
4476 1
4477 1
4478 1
4479 1
4480 1
4481 1
4482 1
4483 1
4484 1
4485 1
4486 1
4487 1
4488 1
4489 1
4490 1
4491 1
4492 1
4493 1
4494 1
4495 1
4496 1
4497 1
4498 1
4499 1
4500 1
4501 1
4502 1
4503 1
4504 1
4505 1
4506 1
4507 1
4508 1
4509 1
4510 1
4511 1
4512 1
4513 1
4514 1
4515 1
4516 1
4517 1
4518 1
4519 1
4520 1
4521 1
4522 1
4523 1
4524 1
4525 1
4526 1
4527 1
4528 1
4529 1
4530 1
4531 1
4532 1
4533 1
4534 1
4535 1
4536 1
4537 1
4538 1
4539 1
4540 1
4541 1
4542 1
4543 1
4544 1
4545 1
4546 1
4547 1
4548 1
4549 1
4550 1
4551 1
4552 1
4553 1
4554 1
4555 1
4556 1
4557 1
4558 1
4559 1
4560 1
4561 1
4562 1
4563 1
4564 1
4565 1
4566 1
4567 1
4568 1
4569 1
4570 1
4571 1
4572 1
4573 1
4574 1
4575 1
4576 1
4577 1
4578 1
4579 1
4580 1
4581 1
4582 1
4583 1
4584 1
4585 1
4586 1
4587 1
4588 1
4589 1
4590 1
4591 1
4592 1
4593 1
4594 1
4595 1
4596 1
4597 1
4598 1
4599 1
4600 1
4601 1
4602 1
4603 1
4604 1
4605 1
4606 1
4607 1
4608 1
4609 1
4610 1
4611 1
4612 1
4613 1
4614 1
4615 1
4616 1
4617 1
4618 1
4619 1
4620 1
4621 1
4622 1
4623 1
4624 1
4625 1
4626 1
4627 1
4628 1
4629 1
4630 1
4631 1
4632 1
4633 1
4634 1
4635 1
4636 1
4637 1
4638 1
4639 1
4640 1
4641 1
4642 1
4643 1
4644 1
4645 1
4646 1
4647 1
4648 1
4649 1
4650 1
4651 1
4652 1
4653 1
4654 1
4655 1
4656 1
4657 1
4658 1
4659 1
4660 1
4661 1
4662 1
4663 1
4664 1
4665 1
4666 1
4667 1
4668 1
4669 1
4670 1
4671 1
4672 1
4673 1
4674 1
4675 1
4676 1
4677 1
4678 1
4679 1
4680 1
4681 1
4682 1
4683 1
4684 1
4685 1
4686 1
4687 1
4688 1
4689 1
4690 1
4691 1
4692 1
4693 1
4694 1
4695 1
4696 1
4697 1
4698 1
4699 1
4700 1
4701 1
4702 1
4703 1
4704 1
4705 1
4706 1
4707 1
4708 1
4709 1
4710 1
4711 1
4712 1
4713 1
4714 1
4715 1
4716 1
4717 1
4718 1
4719 1
4720 1
4721 1
4722 1
4723 1
4724 1
4725 1
4726 1
4727 1
4728 1
4729 1
4730 1
4731 1
4732 1
4733 1
4734 1
4735 1
4736 1
4737 1
4738 1
4739 1
4740 1
4741 1
4742 1
4743 1
4744 1
4745 1
4746 1
4747 1
4748 1
4749 1
4750 1
4751 1
4752 1
4753 5
4754 5
4755 5
4756 5
4757 1
4758 1
4759 5
4760 1
4761 1
4762 1
4763 2
4764 1
4765 4
4766 4
4767 4
4768 1
4769 1
4770 1
4771 1
4772 1
4773 1
4774 1
4775 1
4776 1
4777 4
4778 1
4779 1
4780 3
4781 4
4782 4
4783 1
4784 1
4785 2
4786 2
4787 1
4788 1
4789 3
4790 3
4791 4
4792 4
4793 1
4794 1
4795 3
4796 3
4797 3
4798 2
4799 2
4800 1
4801 1
4802 1
4803 1
4804 5
4805 5
4806 5
4807 5
4808 4
4809 1
4810 1
4811 2
4812 5
4813 5
4814 1
4815 1
4816 1
4817 5
4818 5
4819 1
4820 5
4821 5
4822 5
4823 1
4824 1
4825 1
4826 2
4827 2
4828 3
4829 4
4830 5
4831 2
4832 4
4833 4
4834 1
4835 1
4836 1
4837 1
4838 1
4839 1
4840 1
4841 1
4842 1
4843 1
4844 1
4845 4
4846 4
4847 5
4848 5
4849 1
4850 1
4851 1
4852 1
4853 3
4854 1
4855 1
4856 1
4857 1
4858 1
4859 3
4860 2
4861 2
4862 2
4863 3
4864 3
4865 1
4866 1
4867 5
4868 5
4869 5
4870 5
4871 5
4872 4
4873 1
4874 1
4875 4
4876 5
4877 1
4878 1
4879 5
4880 5
4881 4
4882 1
4883 1
4884 5
4885 5
4886 5
4887 1
4888 1
4889 5
4890 4
4891 4
4892 2
4893 1
4894 1
4895 1
4896 1
4897 5
4898 5
4899 1
4900 1
4901 5
4902 2
4903 2
4904 1
4905 1
4906 2
4907 1
4908 4
4909 4
4910 4
4911 4
4912 5
4913 4
4914 4
4915 5
4916 5
4917 1
4918 1
4919 4
4920 4
4921 1
4922 1
4923 4
4924 4
4925 1
4926 1
4927 5
4928 1
4929 5
4930 4
4931 5
4932 1
4933 1
4934 4
4935 4
4936 4
4937 5
4938 5
4939 5
4940 5
4941 1
4942 1
4943 1
4944 1
4945 1
4946 1
4947 1
4948 1
4949 1
4950 1
4951 1
4952 1
4953 1
4954 1
4955 1
4956 1
4957 1
4958 1
4959 1
4960 1
4961 1
4962 1
4963 1
4964 1
4965 1
4966 1
4967 1
4968 1
4969 1
4970 1
4971 1
4972 1
4973 1
4974 1
4975 1
4976 1
4977 1
4978 1
4979 1
4980 1
4981 1
4982 1
4983 1
4984 1
4985 1
4986 1
4987 1
4988 1
4989 1
4990 1
4991 1
4992 1
4993 1
4994 1
4995 1
4996 1
4997 1
4998 1
4999 1
5000 1
5001 1
5002 1
5003 1
5004 1
5005 1
5006 1
5007 1
5008 1
5009 1
5010 1
5011 1
5012 1
5013 1
5014 1
5015 1
5016 1
5017 1
5018 1
5019 1
5020 1
5021 1
5022 1
5023 1
5024 1
5025 1
5026 1
5027 1
5028 1
5029 1
5030 1
5031 1
5032 1
5033 1
5034 3
5035 5
5036 4
5037 1
5038 4
5039 4
5040 5
5041 1
5042 3
5043 4
5044 2
5045 4
5046 4
5047 4
5048 5
5049 4
5050 5
5051 2
5052 5
5053 5
5054 2
5055 5
5056 4
5057 4
5058 1
5059 1
5060 1
5061 1
5062 1
5063 1
5064 1
5065 1
5066 1
5067 1
5068 1
5069 1
5070 1
5071 1
5072 1
5073 1
5074 1
5075 1
5076 1
5077 1
5078 1
5079 1
5080 1
5081 1
5082 1
5083 1
5084 1
5085 1
5086 1
5087 1
5088 1
5089 1
5090 1
5091 1
5092 1
5093 1
5094 1
5095 1
5096 1
5097 1
5098 1
5099 1
5100 1
5101 1
5102 1
5103 1
5104 1
5105 1
5106 1
5107 1
5108 1
5109 1
5110 1
5111 1
5112 1
5113 1
5114 1
5115 1
5116 1
5117 1
5118 1
5119 1
5120 1
5121 1
5122 1
5123 1
5124 1
5125 1
5126 1
5127 1
5128 1
5129 1
5130 1
5131 1
5132 1
5133 1
5134 1
5135 1
5136 1
5137 1
5138 1
5139 1
5140 1
5141 1
5142 1
5143 1
5144 1
5145 1
5146 1
5147 1
5148 1
5149 1
5150 1
5151 1
5152 1
5153 1
5154 1
5155 1
5156 1
5157 1
5158 1
5159 1
5160 1
5161 1
5162 1
5163 1
5164 1
5165 1
5166 1
5167 1
5168 1
5169 1
5170 1
5171 1
5172 1
5173 1
5174 1
5175 1
5176 1
5177 1
5178 1
5179 1
5180 1
5181 1
5182 1
5183 1
5184 1
5185 4
5186 4
5187 1
5188 1
5189 1
5190 1
5191 1
5192 1
5193 1
5194 1
5195 1
5196 1
5197 1
5198 1
5199 1
5200 1
5201 1
5202 1
5203 1
5204 1
5205 1
5206 1
5207 1
5208 1
5209 1
5210 1
5211 1
5212 1
5213 1
5214 1
5215 1
5216 1
5217 1
5218 1
5219 1
5220 1
5221 1
5222 1
5223 1
5224 1
5225 1
5226 1
5227 1
5228 1
5229 1
5230 1
5231 1
5232 1
5233 1
5234 1
5235 1
5236 5
5237 3
5238 4
5239 4
5240 5
5241 5
5242 2
5243 1
5244 2
5245 1
5246 5
5247 5
5248 5
5249 1
5250 1
5251 4
5252 5
5253 1
5254 4
5255 4
5256 5
5257 5
5258 4
5259 2
5260 1
5261 3
5262 1
5263 3
5264 5
5265 5
5266 4
5267 4
5268 1
5269 1
5270 5
5271 5
5272 1
5273 1
5274 1
5275 1
5276 3
5277 2
5278 2
5279 1
5280 1
5281 1
5282 1
5283 1
5284 1
5285 1
5286 1
5287 1
5288 1
5289 1
5290 1
5291 1
5292 1
5293 1
5294 1
5295 1
5296 1
5297 1
5298 1
5299 1
5300 1
5301 1
5302 1
5303 1
5304 1
5305 1
5306 1
5307 1
5308 1
5309 1
5310 1
5311 1
5312 1
5313 1
5314 1
5315 1
5316 1
5317 3
5318 2
5319 3
5320 1
5321 4
5322 5
5323 3
5324 3
5325 4
5326 4
5327 3
5328 3
5329 4
5330 2
5331 1
5332 5
5333 3
5334 1
5335 1
5336 1
5337 5
5338 1
5339 4
5340 1
5341 5
5342 4
5343 1
5344 5
5345 4
5346 4
5347 3
5348 3
5349 4
5350 5
5351 3
5352 1
5353 1
5354 4
5355 4
5356 4
5357 4
5358 1
5359 1
5360 4
5361 1
5362 1
5363 1
5364 1
5365 3
5366 3
5367 2
5368 1
5369 1
5370 1
5371 1
5372 1
5373 1
5374 1
5375 1
5376 1
5377 1
5378 1
5379 1
5380 1
5381 1
5382 1
5383 1
5384 1
5385 1
5386 1
5387 1
5388 1
5389 1
5390 1
5391 1
5392 1
5393 1
5394 1
5395 1
5396 1
5397 1
5398 1
5399 1
5400 1
5401 1
5402 1
5403 1
5404 1
5405 1
5406 1
5407 1
5408 1
5409 1
5410 1
5411 1
5412 1
5413 1
5414 1
5415 1
5416 1
5417 1
5418 1
5419 1
5420 1
5421 1
5422 1
5423 1
5424 1
5425 1
5426 1
5427 1
5428 1
5429 1
5430 1
5431 1
5432 1
5433 1
5434 1
5435 1
5436 1
5437 1
5438 2
5439 5
5440 5
5441 4
5442 5
5443 5
5444 5
5445 5
5446 4
5447 5
5448 1
5449 1
5450 3
5451 1
5452 1
5453 1
5454 5
5455 5
5456 1
5457 1
5458 1
5459 4
5460 5
5461 4
5462 4
5463 5
5464 4
5465 1
5466 5
5467 4
5468 4
5469 4
5470 5
5471 3
5472 5
5473 5
5474 1
5475 5
5476 5
5477 2
5478 1
5479 1
5480 5
5481 4
5482 2
5483 3
5484 2
5485 5
5486 4
5487 4
5488 3
5489 4
5490 5
5491 2
5492 5
5493 4
5494 4
5495 4
5496 1
5497 3
5498 1
5499 3
5500 4
5501 4
5502 4
5503 5
5504 5
5505 3
5506 1
5507 2
5508 1
5509 1
5510 5
5511 3
5512 1
5513 1
5514 1
5515 1
5516 1
5517 1
5518 1
5519 1
5520 1
5521 1
5522 1
5523 1
5524 1
5525 1
5526 1
5527 1
5528 1
5529 1
5530 1
5531 1
5532 1
5533 1
5534 1
5535 1
5536 1
5537 1
5538 1
5539 1
5540 1
5541 1
5542 1
5543 1
5544 1
5545 1
5546 1
5547 1
5548 1
5549 1
5550 1
5551 1
5552 1
5553 1
5554 1
5555 1
5556 1
5557 1
5558 1
5559 1
5560 1
5561 1
5562 1
5563 1
5564 1
5565 1
5566 1
5567 1
5568 1
5569 1
5570 1
5571 1
5572 1
5573 1
5574 1
5575 1
5576 1
5577 1
5578 1
5579 1
5580 1
5581 1
5582 1
5583 1
5584 1
5585 1
5586 1
5587 1
5588 1
5589 1
5590 1
5591 1
5592 1
5593 1
5594 1
5595 1
5596 1
5597 1
5598 1
5599 1
5600 1
5601 1
5602 1
5603 1
5604 1
5605 1
5606 1
5607 1
5608 1
5609 1
5610 1
5611 5
5612 4
5613 4
5614 4
5615 5
5616 5
5617 5
5618 5
5619 5
5620 5
5621 2
5622 1
5623 3
5624 4
5625 1
5626 1
5627 1
5628 1
5629 4
5630 1
5631 3
5632 2
5633 4
5634 1
5635 4
5636 4
5637 3
5638 1
5639 1
5640 1
5641 1
5642 1
5643 1
5644 2
5645 5
5646 1
5647 1
5648 1
5649 1
5650 1
5651 1
5652 1
5653 1
5654 1
5655 1
5656 1
5657 1
5658 1
5659 1
5660 1
5661 1
5662 1
5663 1
5664 1
5665 1
5666 1
5667 1
5668 1
5669 1
5670 1
5671 1
5672 1
5673 1
5674 1
5675 1
5676 1
5677 1
5678 1
5679 1
5680 1
5681 1
5682 1
5683 1
5684 1
5685 1
5686 1
5687 1
5688 1
5689 1
5690 1
5691 1
5692 1
5693 1
5694 1
5695 1
5696 1
5697 1
5698 1
5699 1
5700 1
5701 1
5702 1
5703 1
5704 1
5705 1
5706 1
5707 1
5708 1
5709 1
5710 1
5711 1
5712 1
5713 1
5714 1
5715 1
5716 1
5717 1
5718 1
5719 1
5720 1
5721 1
5722 1
5723 1
5724 1
5725 1
5726 1
5727 1
5728 1
5729 1
5730 1
5731 1
5732 1
5733 1
5734 1
5735 1
5736 1
5737 1
5738 1
5739 1
5740 1
5741 1
5742 1
5743 1
5744 1
5745 1
5746 1
5747 1
5748 1
5749 1
5750 1
5751 1
5752 1
5753 1
5754 1
5755 1
5756 1
5757 1
5758 1
5759 1
5760 3
5761 1
5762 5
5763 2
5764 2
5765 4
5766 4
5767 4
5768 1
5769 3
5770 4
5771 5
5772 1
5773 4
5774 1
5775 5
5776 1
5777 1
5778 1
5779 4
5780 3
5781 1
5782 3
5783 1
5784 1
5785 1
5786 1
5787 5
5788 1
5789 5
5790 3
5791 4
5792 4
5793 3
5794 4
5795 4
5796 1
5797 3
5798 4
5799 5
5800 1
5801 5
5802 1
5803 1
5804 1
5805 1
5806 4
5807 2
5808 4
5809 5
5810 1
5811 4
5812 1
5813 3
5814 5
5815 5
5816 4
5817 5
5818 5
5819 3
5820 2
5821 1
5822 4
5823 4
5824 5
5825 4
5826 1
5827 1
5828 1
5829 2
5830 5
5831 1
5832 1
5833 1
5834 1
5835 1
5836 1
5837 1
5838 1
5839 1
5840 1
5841 1
5842 1
5843 1
5844 1
5845 1
5846 1
5847 1
5848 1
5849 1
5850 1
5851 1
5852 1
5853 1
5854 1
5855 1
5856 1
5857 1
5858 1
5859 1
5860 1
5861 1
5862 1
5863 1
5864 1
5865 1
5866 1
5867 1
5868 1
5869 1
5870 1
5871 1
5872 1
5873 1
5874 1
5875 1
5876 1
5877 1
5878 1
5879 1
5880 1
5881 1
5882 1
5883 1
5884 1
5885 1
5886 1
5887 1
5888 1
5889 1
5890 1
5891 1
5892 1
5893 1
5894 1
5895 1
5896 1
5897 1
5898 1
5899 1
5900 1
5901 1
5902 1
5903 1
5904 1
5905 1
5906 1
5907 1
5908 1
5909 1
5910 1
5911 1
5912 1
5913 1
5914 1
5915 1
5916 1
5917 1
5918 1
5919 1
5920 2
5921 1
5922 1
5923 1
5924 1
5925 1
5926 1
5927 1
5928 1
5929 1
5930 1
5931 1
5932 1
5933 1
5934 1
5935 1
5936 1
5937 1
5938 1
5939 1
5940 1
5941 1
5942 1
5943 1
5944 1
5945 1
5946 1
5947 1
5948 1
5949 1
5950 2
5951 5
5952 2
5953 4
5954 2
5955 3
5956 2
5957 1
5958 1
5959 4
5960 2
5961 5
5962 4
5963 4
5964 5
5965 5
5966 4
5967 1
5968 5
5969 5
5970 1
5971 1
5972 1
5973 1
5974 1
5975 1
5976 1
5977 1
5978 1
5979 1
5980 1
5981 1
5982 1
5983 1
5984 1
5985 1
5986 1
5987 1
5988 1
5989 1
5990 1
5991 1
5992 1
5993 1
5994 1
5995 1
5996 1
5997 1
5998 1
5999 1
6000 1
6001 1
6002 1
6003 1
6004 1
6005 1
6006 1
6007 1
6008 1
6009 1
6010 1
6011 1
6012 1
6013 1
6014 1
6015 1
6016 1
6017 1
6018 1
6019 1
6020 1
6021 1
6022 5
6023 3
6024 3
6025 2
6026 1
6027 4
6028 2
6029 2
6030 4
6031 4
6032 4
6033 2
6034 1
6035 1
6036 4
6037 1
6038 1
6039 3
6040 5
6041 3
6042 2
6043 2
6044 3
6045 5
6046 1
6047 1
6048 3
6049 3
6050 1
6051 1
6052 1
6053 3
6054 1
6055 2
6056 5
6057 4
6058 4
6059 4
6060 5
6061 4
6062 1
6063 5
6064 1
6065 5
6066 5
6067 2
6068 5
6069 4
6070 4
6071 5
6072 5
6073 1
6074 5
6075 5
6076 5
6077 4
6078 4
6079 1
6080 1
6081 1
6082 3
6083 4
6084 3
6085 3
6086 5
6087 3
6088 5
6089 5
6090 5
6091 4
6092 4
6093 2
6094 2
6095 5
6096 2
6097 1
6098 4
6099 4
6100 4
6101 1
6102 1
6103 5
6104 3
6105 2
6106 3
6107 2
6108 2
6109 1
6110 5
6111 5
6112 4
6113 1
6114 3
6115 4
6116 4
6117 5
6118 1
6119 2
6120 2
6121 3
6122 3
6123 3
6124 3
6125 3
6126 5
6127 3
6128 1
6129 2
6130 2
6131 4
6132 1
6133 3
6134 1
6135 2
6136 4
6137 4
6138 3
6139 3
6140 4
6141 4
6142 4
6143 1
6144 3
6145 3
6146 5
6147 1
6148 1
6149 4
6150 1
6151 2
6152 1
6153 4
6154 5
6155 2
6156 4
6157 5
6158 1
6159 5
6160 3
6161 4
6162 5
6163 3
6164 1
6165 1
6166 1
6167 4
6168 1
6169 5
6170 1
6171 3
6172 2
6173 1
6174 1
6175 1
6176 4
6177 5
6178 3
6179 3
6180 2
6181 5
6182 4
6183 1
6184 4
6185 1
6186 1
6187 2
6188 5
6189 2
6190 2
6191 3
6192 1
6193 1
6194 2
6195 1
6196 1
6197 1
6198 1
6199 4
6200 1
6201 4
6202 4
6203 5
6204 5
6205 2
6206 1
6207 1
6208 2
6209 2
6210 5
6211 2
6212 2
6213 5
6214 1
6215 1
6216 1
6217 4
6218 4
6219 2
6220 4
6221 5
6222 1
6223 1
6224 1
6225 4
6226 3
6227 3
6228 3
6229 1
6230 1
6231 1
6232 1
6233 5
6234 3
6235 3
6236 3
6237 4
6238 2
6239 5
6240 3
6241 5
6242 2
6243 3
6244 3
6245 1
6246 1
6247 1
6248 1
6249 1
6250 1
6251 1
6252 1
6253 1
6254 1
6255 1
6256 1
6257 1
6258 1
6259 1
6260 1
6261 1
6262 1
6263 1
6264 1
6265 1
6266 1
6267 1
6268 1
6269 1
6270 1
6271 1
6272 1
6273 1
6274 1
6275 1
6276 1
6277 1
6278 1
6279 1
6280 1
6281 1
6282 1
6283 1
6284 1
6285 1
6286 1
6287 3
6288 4
6289 5
6290 3
6291 1
6292 1
6293 1
6294 1
6295 1
6296 1
6297 1
6298 1
6299 1
6300 1
6301 1
6302 1
6303 1
6304 1
6305 1
6306 1
6307 1
6308 1
6309 1
6310 1
6311 1
6312 1
6313 1
6314 1
6315 1
6316 1
6317 1
6318 1
6319 1
6320 1
6321 1
6322 1
6323 1
6324 1
6325 1
6326 1
6327 1
6328 1
6329 1
6330 1
6331 1
6332 1
6333 1
6334 1
6335 1
6336 1
6337 1
6338 1
6339 1
6340 1
6341 1
6342 1
6343 1
6344 1
6345 1
6346 1
6347 1
6348 1
6349 1
6350 1
6351 1
6352 1
6353 1
6354 1
6355 1
6356 1
6357 1
6358 1
6359 1
6360 1
6361 1
6362 1
6363 1
6364 1
6365 1
6366 1
6367 1
6368 1
6369 1
6370 1
6371 1
6372 1
6373 1
6374 1
6375 1
6376 1
6377 1
6378 1
6379 1
6380 1
6381 1
6382 1
6383 1
6384 1
6385 1
6386 1
6387 1
6388 1
6389 1
6390 1
6391 1
6392 1
6393 1
6394 1
6395 1
6396 1
6397 1
6398 1
6399 1
6400 1
6401 1
6402 1
6403 1
6404 1
6405 1
6406 1
6407 2
6408 5
6409 2
6410 5
6411 4
6412 2
6413 2
6414 3
6415 4
6416 1
6417 4
6418 3
6419 4
6420 2
6421 1
6422 2
6423 1
6424 1
6425 1
6426 5
6427 3
6428 1
6429 1
6430 1
6431 1
6432 3
6433 5
6434 5
6435 2
6436 1
6437 1
6438 1
6439 1
6440 4
6441 1
6442 1
6443 2
6444 2
6445 5
6446 5
6447 2
6448 1
6449 1
6450 1
6451 1
6452 4
6453 2
6454 5
6455 5
6456 5
6457 5
6458 3
6459 3
6460 1
6461 1
6462 4
6463 4
6464 4
6465 4
6466 5
6467 1
6468 3
6469 1
6470 1
6471 4
6472 3
6473 4
6474 3
6475 1
6476 4
6477 1
6478 1
6479 1
6480 5
6481 5
6482 5
6483 1
6484 1
6485 1
6486 2
6487 1
6488 5
6489 1
6490 4
6491 1
6492 4
6493 1
6494 3
6495 4
6496 5
6497 1
6498 1
6499 2
6500 1
6501 3
6502 4
6503 4
6504 4
6505 3
6506 1
6507 5
6508 1
6509 2
6510 2
6511 1
6512 5
6513 1
6514 2
6515 3
6516 3
6517 3
6518 1
6519 4
6520 5
6521 1
6522 1
6523 4
6524 5
6525 5
6526 1
6527 1
6528 1
6529 1
6530 1
6531 5
6532 4
6533 1
6534 2
6535 2
6536 4
6537 1
6538 1
6539 5
6540 5
6541 2
6542 4
6543 1
6544 5
6545 2
6546 3
6547 1
6548 2
6549 2
6550 1
6551 5
6552 1
6553 5
6554 5
6555 2
6556 1
6557 4
6558 3
6559 2
6560 3
6561 2
6562 5
6563 5
6564 4
6565 1
6566 5
6567 5
6568 2
6569 3
6570 2
6571 2
6572 1
6573 1
6574 1
6575 1
6576 1
6577 1
6578 1
6579 1
6580 1
6581 1
6582 1
6583 1
6584 1
6585 1
6586 1
6587 1
6588 1
6589 1
6590 1
6591 1
6592 1
6593 1
6594 1
6595 1
6596 1
6597 1
6598 1
6599 1
6600 1
6601 1
6602 1
6603 1
6604 1
6605 1
6606 1
6607 1
6608 1
6609 1
6610 1
6611 1
6612 1
6613 1
6614 1
6615 1
6616 1
6617 1
6618 1
6619 1
6620 1
6621 1
6622 1
6623 1
6624 1
6625 1
6626 1
6627 1
6628 1
6629 1
6630 1
6631 1
6632 1
6633 1
6634 1
6635 1
6636 1
6637 1
6638 1
6639 1
6640 1
6641 1
6642 1
6643 1
6644 1
6645 1
6646 1
6647 1
6648 1
6649 1
6650 1
6651 1
6652 1
6653 1
6654 1
6655 1
6656 1
6657 1
6658 1
6659 1
6660 1
6661 5
6662 1
6663 1
6664 1
6665 1
6666 2
6667 1
6668 2
6669 4
6670 1
6671 1
6672 1
6673 1
6674 1
6675 1
6676 1
6677 1
6678 1
6679 1
6680 1
6681 1
6682 1
6683 1
6684 1
6685 1
6686 4
6687 1
6688 1
6689 1
6690 1
6691 1
6692 1
6693 1
6694 1
6695 1
6696 1
6697 1
6698 1
6699 1
6700 1
6701 1
6702 1
6703 1
6704 1
6705 1
6706 1
6707 1
6708 1
6709 1
6710 1
6711 1
6712 1
6713 1
6714 1
6715 1
6716 1
6717 1
6718 1
6719 1
6720 1
6721 1
6722 1
6723 1
6724 1
6725 1
6726 1
6727 1
6728 1
6729 1
6730 1
6731 1
6732 1
6733 1
6734 1
6735 1
6736 1
6737 1
6738 1
6739 1
6740 1
6741 1
6742 1
6743 1
6744 1
6745 1
6746 1
6747 1
6748 1
6749 1
6750 1
6751 1
6752 1
6753 1
6754 1
6755 1
6756 1
6757 1
6758 1
6759 1
6760 1
6761 1
6762 1
6763 4
6764 5
6765 1
6766 5
6767 4
6768 4
6769 4
6770 4
6771 4
6772 4
6773 5
6774 3
6775 5
6776 4
6777 5
6778 4
6779 5
6780 4
6781 2
6782 5
6783 1
6784 1
6785 3
6786 2
6787 3
6788 2
6789 1
6790 3
6791 5
6792 1
6793 4
6794 1
6795 3
6796 2
6797 3
6798 2
6799 5
6800 3
6801 4
6802 4
6803 1
6804 5
6805 5
6806 1
6807 3
6808 1
6809 3
6810 3
6811 3
6812 5
6813 4
6814 2
6815 1
6816 4
6817 2
6818 3
6819 2
6820 1
6821 4
6822 1
6823 1
6824 1
6825 1
6826 2
6827 5
6828 3
6829 4
6830 5
6831 2
6832 1
6833 3
6834 1
6835 2
6836 1
6837 3
6838 3
6839 3
6840 3
6841 1
6842 1
6843 5
6844 1
6845 1
6846 1
6847 1
6848 1
6849 1
6850 1
6851 1
6852 1
6853 1
6854 1
6855 1
6856 1
6857 1
6858 1
6859 1
6860 1
6861 1
6862 1
6863 1
6864 1
6865 1
6866 1
6867 1
6868 1
6869 1
6870 1
6871 1
6872 1
6873 1
6874 1
6875 1
6876 1
6877 1
6878 1
6879 1
6880 1
6881 1
6882 1
6883 1
6884 1
6885 1
6886 1
6887 1
6888 1
6889 1
6890 1
6891 1
6892 1
6893 1
6894 1
6895 1
6896 1
6897 1
6898 1
6899 1
6900 1
6901 1
6902 1
6903 1
6904 1
6905 1
6906 1
6907 1
6908 1
6909 1
6910 1
6911 1
6912 1
6913 1
6914 4
6915 2
6916 1
6917 1
6918 3
6919 3
6920 1
6921 2
6922 2
6923 4
6924 1
6925 3
6926 5
6927 4
6928 3
6929 3
6930 2
6931 1
6932 3
6933 1
6934 1
6935 2
6936 5
6937 5
6938 1
6939 5
6940 5
6941 4
6942 3
6943 1
6944 5
6945 2
6946 5
6947 2
6948 1
6949 1
6950 3
6951 3
6952 4
6953 1
6954 2
6955 3
6956 5
6957 3
6958 1
6959 2
6960 5
6961 4
6962 1
6963 3
6964 1
6965 1
6966 3
6967 3
6968 5
6969 3
6970 1
6971 3
6972 5
6973 5
6974 4
6975 2
6976 4
6977 1
6978 3
6979 1
6980 1
6981 1
6982 1
6983 1
6984 1
6985 1
6986 1
6987 1
6988 1
6989 1
6990 1
6991 1
6992 1
6993 1
6994 5
6995 1
6996 1
6997 1
6998 1
6999 3
7000 3
7001 5
7002 4
7003 3
7004 5
7005 3
7006 1
7007 1
7008 4
7009 1
7010 3
7011 1
7012 1
7013 2
7014 3
7015 3
7016 1
7017 5
7018 4
7019 4
7020 1
7021 2
7022 5
7023 1
7024 1
7025 4
7026 1
7027 1
7028 1
7029 2
7030 5
7031 1
7032 1
7033 3
7034 2
7035 3
7036 2
7037 5
7038 2
7039 5
7040 4
7041 4
7042 5
7043 3
7044 2
7045 1
7046 2
7047 1
7048 5
7049 2
7050 2
7051 5
7052 2
7053 1
7054 1
7055 1
7056 5
7057 2
7058 1
7059 1
7060 1
7061 1
7062 1
7063 1
7064 1
7065 1
7066 1
7067 1
7068 1
7069 1
7070 1
7071 1
7072 1
7073 1
7074 1
7075 1
7076 1
7077 1
7078 1
7079 1
7080 1
7081 1
7082 1
7083 1
7084 1
7085 1
7086 1
7087 5
7088 2
7089 1
7090 1
7091 1
7092 1
7093 1
7094 1
7095 1
7096 1
7097 1
7098 2
7099 2
7100 4
7101 2
7102 2
7103 3
7104 1
7105 1
7106 4
7107 2
7108 2
7109 1
7110 3
7111 2
7112 2
7113 5
7114 1
7115 1
7116 1
7117 1
7118 1
7119 1
7120 1
7121 1
7122 1
7123 1
7124 1
7125 1
7126 1
7127 1
7128 1
7129 1
7130 1
7131 1
7132 1
7133 1
7134 1
7135 1
7136 1
7137 1
7138 1
7139 1
7140 1
7141 1
7142 1
7143 1
7144 1
7145 1
7146 1
7147 1
7148 1
7149 1
7150 1
7151 1
7152 1
7153 1
7154 1
7155 1
7156 1
7157 1
7158 1
7159 1
7160 1
7161 1
7162 1
7163 1
7164 1
7165 1
7166 2
7167 5
7168 1
7169 1
7170 1
7171 2
7172 1
7173 2
7174 1
7175 5
7176 3
7177 3
7178 2
7179 3
7180 5
7181 1
7182 1
7183 4
7184 1
7185 1
7186 1
7187 5
7188 4
7189 3
7190 1
7191 1
7192 1
7193 1
7194 1
7195 5
7196 4
7197 4
7198 5
7199 5
7200 3
7201 2
7202 1
7203 5
7204 2
7205 5
7206 1
7207 1
7208 1
7209 1
7210 1
7211 4
7212 5
7213 1
7214 2
7215 1
7216 1
7217 5
7218 1
7219 1
7220 1
7221 1
7222 1
7223 1
7224 1
7225 1
7226 1
7227 1
7228 5
7229 1
7230 4
7231 5
7232 2
7233 3
7234 2
7235 4
7236 4
7237 4
7238 1
7239 4
7240 5
7241 5
7242 1
7243 1
7244 1
7245 1
7246 1
7247 2
7248 3
7249 1
7250 1
7251 1
7252 1
7253 1
7254 1
7255 4
7256 4
7257 4
7258 3
7259 3
7260 1
7261 1
7262 1
7263 1
7264 1
7265 3
7266 5
7267 2
7268 1
7269 1
7270 1
7271 1
7272 2
7273 1
7274 3
7275 1
7276 5
7277 2
7278 1
7279 1
7280 1
7281 1
7282 1
7283 3
7284 2
7285 1
7286 2
7287 1
7288 1
7289 1
7290 1
7291 1
7292 2
7293 5
7294 1
7295 3
7296 1
7297 3
7298 2
7299 1
7300 1
7301 1
7302 1
7303 1
7304 1
7305 1
7306 1
7307 1
7308 2
7309 2
7310 3
7311 3
7312 5
7313 2
7314 3
7315 1
7316 1
7317 1
7318 1
7319 1
7320 1
7321 2
7322 4
7323 5
7324 4
7325 4
7326 5
7327 2
7328 1
7329 1
7330 1
7331 1
7332 1
7333 2
7334 4
7335 5
7336 5
7337 5
7338 3
7339 3
7340 3
7341 2
7342 4
7343 1
7344 1
7345 1
7346 1
7347 2
7348 3
7349 4
7350 2
7351 3
7352 2
7353 2
7354 3
7355 2
7356 5
7357 3
7358 5
7359 1
7360 1
7361 1
7362 1
7363 1
7364 1
7365 1
7366 1
7367 1
7368 1
7369 1
7370 1
7371 1
7372 1
7373 1
7374 1
7375 1
7376 1
7377 1
7378 1
7379 1
7380 1
7381 5
7382 1
7383 1
7384 4
7385 5
7386 1
7387 1
7388 1
7389 4
7390 4
7391 1
7392 1
7393 4
7394 4
7395 2
7396 1
7397 1
7398 1
7399 1
7400 1
7401 1
7402 1
7403 1
7404 1
7405 1
7406 1
7407 1
7408 1
7409 1
7410 1
7411 1
7412 4
7413 5
7414 2
7415 1
7416 1
7417 4
7418 1
7419 2
7420 1
7421 1
7422 1
7423 1
7424 1
7425 1
7426 1
7427 1
7428 1
7429 1
7430 1
7431 1
7432 1
7433 1
7434 1
7435 4
7436 4
7437 3
7438 3
7439 5
7440 1
7441 4
7442 4
7443 3
7444 5
7445 1
7446 1
7447 1
7448 1
7449 1
7450 1
7451 1
7452 1
7453 1
7454 1
7455 1
7456 3
7457 3
7458 3
7459 2
7460 1
7461 1
7462 1
7463 1
7464 3
7465 2
7466 1
7467 1
7468 1
7469 1
7470 1
7471 1
7472 1
7473 2
7474 4
7475 4
7476 3
7477 1
7478 1
7479 1
7480 1
7481 1
7482 1
7483 2
7484 5
7485 3
7486 1
7487 1
7488 1
7489 1
7490 1
7491 1
7492 1
7493 5
7494 4
7495 2
7496 3
7497 1
7498 5
7499 5
7500 1
7501 3
7502 1
7503 1
7504 1
7505 1
7506 1
7507 1
7508 1
7509 1
7510 1
7511 1
7512 1
7513 1
7514 1
7515 1
7516 4
7517 5
7518 1
7519 3
7520 1
7521 5
7522 2
7523 4
7524 2
7525 1
7526 1
7527 1
7528 1
7529 1
7530 1
7531 1
7532 1
7533 1
7534 1
7535 2
7536 1
7537 1
7538 5
7539 3
7540 3
7541 1
7542 1
7543 1
7544 1
7545 4
7546 4
7547 4
7548 1
7549 1
7550 1
7551 1
7552 1
7553 1
7554 1
7555 1
7556 1
7557 1
7558 1
7559 1
7560 1
7561 1
7562 1
7563 1
7564 2
7565 3
7566 1
7567 1
7568 1
7569 1
7570 1
7571 1
7572 1
7573 1
7574 1
7575 1
7576 5
7577 3
7578 3
7579 1
7580 1
7581 1
7582 1
7583 1
7584 1
7585 1
7586 1
7587 1
7588 1
7589 1
7590 1
7591 1
7592 1
7593 1
7594 1
7595 1
7596 1
7597 1
7598 1
7599 1
7600 1
7601 1
7602 1
7603 1
7604 1
7605 1
7606 1
7607 1
7608 1
7609 1
7610 1
7611 1
7612 1
7613 1
7614 1
7615 1
7616 1
7617 1
7618 1
7619 3
7620 1
7621 1
7622 3
7623 2
7624 3
7625 2
7626 2
7627 2
7628 3
7629 3
7630 2
7631 3
7632 1
7633 1
7634 2
7635 1
7636 3
7637 1
7638 5
7639 1
7640 1
7641 1
7642 4
7643 2
7644 2
7645 5
7646 4
7647 3
7648 1
7649 1
7650 2
7651 5
7652 5
7653 1
7654 1
7655 1
7656 5
7657 5
7658 2
7659 2
7660 2
7661 2
7662 2
7663 2
7664 3
7665 3
7666 3
7667 4
7668 4
7669 2
7670 3
7671 1
7672 1
7673 3
7674 1
7675 1
7676 1
7677 1
7678 1
7679 2
7680 1
7681 3
7682 4
7683 1
7684 3
7685 2
7686 5
7687 4
7688 2
7689 2
7690 2
7691 2
7692 3
7693 2
7694 1
7695 1
7696 1
7697 1
7698 1
7699 1
7700 4
7701 3
7702 1
7703 1
7704 1
7705 1
7706 1
7707 2
7708 1
7709 3
7710 5
7711 5
7712 3
7713 1
7714 1
7715 2
7716 1
7717 1
7718 1
7719 1
7720 1
7721 1
7722 1
7723 1
7724 1
7725 1
7726 1
7727 1
7728 1
7729 1
7730 1
7731 1
7732 1
7733 1
7734 1
7735 1
7736 1
7737 2
7738 5
7739 3
7740 5
7741 3
7742 5
7743 1
7744 1
7745 1
7746 1
7747 4
7748 5
7749 1
7750 2
7751 3
7752 3
7753 2
7754 1
7755 4
7756 1
7757 1
7758 1
7759 1
7760 2
7761 3
7762 3
7763 1
7764 2
7765 1
7766 2
7767 3
7768 1
7769 5
7770 2
7771 3
7772 1
7773 2
7774 5
7775 5
7776 2
7777 1
7778 2
7779 2
7780 3
7781 3
7782 1
7783 1
7784 1
7785 1
7786 1
7787 1
7788 2
7789 4
7790 3
7791 3
7792 5
7793 2
7794 1
7795 1
7796 3
7797 1
7798 1
7799 1
7800 5
7801 5
7802 1
7803 3
7804 1
7805 1
7806 1
7807 3
7808 1
7809 3
7810 1
7811 5
7812 1
7813 5
7814 3
7815 2
7816 2
7817 3
7818 1
7819 2
7820 1
7821 2
7822 1
7823 1
7824 5
7825 4
7826 3
7827 3
7828 3
7829 1
7830 3
7831 2
7832 1
7833 4
7834 2
7835 1
7836 3
7837 1
7838 3
7839 2
7840 4
7841 3
7842 1
7843 3
7844 5
7845 5
7846 3
7847 2
7848 3
7849 2
7850 2
7851 5
7852 2
7853 2
7854 2
7855 2
7856 5
7857 1
7858 4
7859 1
7860 2
7861 5
7862 2
7863 4
7864 2
7865 4
7866 3
7867 4
7868 2
7869 2
7870 3
7871 3
7872 3
7873 2
7874 2
7875 1
7876 1
7877 1
7878 1
7879 1
7880 1
7881 1
7882 1
7883 1
7884 1
7885 1
7886 1
7887 1
7888 1
7889 1
7890 1
7891 1
7892 1
7893 1
7894 1
7895 1
7896 1
7897 1
7898 1
7899 1
7900 1
7901 1
7902 1
7903 1
7904 1
7905 1
7906 1
7907 1
7908 1
7909 1
7910 1
7911 1
7912 1
7913 1
7914 1
7915 1
7916 1
7917 1
7918 1
7919 1
7920 1
7921 1
7922 1
7923 1
7924 1
7925 1
7926 1
7927 1
7928 1
7929 1
7930 1
7931 1
7932 1
7933 1
7934 1
7935 1
7936 1
7937 1
7938 1
7939 1
7940 1
7941 1
7942 1
7943 1
7944 1
7945 1
7946 1
7947 1
7948 1
7949 1
7950 1
7951 1
7952 1
7953 1
7954 1
7955 1
7956 1
7957 1
7958 1
7959 1
7960 1
7961 1
7962 1
7963 1
7964 1
7965 1
7966 1
7967 1
7968 1
7969 1
7970 1
7971 1
7972 1
7973 1
7974 1
7975 1
7976 1
7977 1
7978 1
7979 1
7980 1
7981 1
7982 1
7983 1
7984 1
7985 1
7986 1
7987 1
7988 1
7989 1
7990 1
7991 1
7992 1
7993 1
7994 1
7995 1
7996 1
7997 1
7998 1
7999 1
8000 1
8001 4
8002 1
8003 5
8004 2
8005 5
8006 1
8007 1
8008 1
8009 2
8010 2
8011 3
8012 2
8013 1
8014 1
8015 4
8016 3
8017 2
8018 1
8019 1
8020 1
8021 1
8022 1
8023 1
8024 1
8025 1
8026 1
8027 1
8028 1
8029 1
8030 1
8031 1
8032 1
8033 1
8034 1
8035 1
8036 1
8037 1
8038 1
8039 2
8040 2
8041 1
8042 1
8043 1
8044 1
8045 1
8046 1
8047 3
8048 5
8049 2
8050 1
8051 1
8052 1
8053 1
8054 1
8055 1
8056 1
8057 1
8058 1
8059 1
8060 1
8061 1
8062 1
8063 1
8064 1
8065 1
8066 1
8067 1
8068 1
8069 1
8070 1
8071 1
8072 1
8073 1
8074 1
8075 1
8076 1
8077 1
8078 1
8079 1
8080 1
8081 1
8082 1
8083 1
8084 1
8085 1
8086 1
8087 1
8088 1
8089 1
8090 1
8091 1
8092 1
8093 1
8094 5
8095 5
8096 1
8097 4
8098 1
8099 1
8100 1
8101 1
8102 4
8103 5
8104 3
8105 2
8106 3
8107 5
8108 4
8109 4
8110 1
8111 4
8112 1
8113 1
8114 1
8115 1
8116 3
8117 5
8118 2
8119 2
8120 1
8121 4
8122 4
8123 1
8124 5
8125 4
8126 1
8127 5
8128 2
8129 3
8130 1
8131 1
8132 5
8133 2
8134 2
8135 1
8136 5
8137 1
8138 4
8139 3
8140 4
8141 1
8142 1
8143 1
8144 2
8145 2
8146 2
8147 3
8148 3
8149 1
8150 1
8151 1
8152 1
8153 1
8154 2
8155 4
8156 2
8157 3
8158 5
8159 4
8160 4
8161 1
8162 4
8163 5
8164 1
8165 2
8166 3
8167 3
8168 1
8169 1
8170 1
8171 1
8172 1
8173 1
8174 1
8175 1
8176 1
8177 1
8178 1
8179 2
8180 3
8181 1
8182 1
8183 1
8184 1
8185 1
8186 1
8187 1
8188 1
8189 1
8190 1
8191 1
8192 1
8193 1
8194 1
8195 1
8196 1
8197 1
8198 1
8199 1
8200 1
8201 1
8202 1
8203 1
8204 5
8205 2
8206 2
8207 1
8208 1
8209 1
8210 1
8211 1
8212 1
8213 1
8214 1
8215 1
8216 1
8217 1
8218 2
8219 3
8220 2
8221 1
8222 2
8223 1
8224 1
8225 1
8226 1
8227 1
8228 1
8229 1
8230 1
8231 1
8232 1
8233 1
8234 1
8235 1
8236 1
8237 1
8238 1
8239 1
8240 1
8241 1
8242 1
8243 1
8244 1
8245 1
8246 1
8247 1
8248 1
8249 1
8250 1
8251 1
8252 1
8253 1
8254 1
8255 1
8256 1
8257 1
8258 1
8259 1
8260 1
8261 1
8262 1
8263 1
8264 1
8265 1
8266 1
8267 1
8268 1
8269 1
8270 1
8271 1
8272 1
8273 1
8274 1
8275 1
8276 1
8277 1
8278 1
8279 1
8280 1
8281 1
8282 1
8283 1
8284 1
8285 1
8286 1
8287 1
8288 1
8289 1
8290 1
8291 1
8292 3
8293 3
8294 4
8295 5
8296 1
8297 4
8298 2
8299 3
8300 5
8301 5
8302 2
8303 2
8304 1
8305 5
8306 1
8307 1
8308 1
8309 1
8310 1
8311 3
8312 2
8313 3
8314 5
8315 4
8316 1
8317 2
8318 1
8319 1
8320 3
8321 2
8322 3
8323 1
8324 1
8325 2
8326 1
8327 1
8328 5
8329 2
8330 1
8331 4
8332 5
8333 4
8334 1
8335 3
8336 1
8337 1
8338 1
8339 2
8340 1
8341 2
8342 2
8343 3
8344 1
8345 2
8346 4
8347 4
8348 3
8349 2
8350 2
8351 3
8352 3
8353 3
8354 2
8355 3
8356 2
8357 5
8358 4
8359 1
8360 5
8361 4
8362 1
8363 1
8364 1
8365 1
8366 1
8367 1
8368 1
8369 1
8370 1
8371 1
8372 1
8373 1
8374 1
8375 1
8376 1
8377 1
8378 1
8379 1
8380 1
8381 1
8382 1
8383 1
8384 1
8385 1
8386 1
8387 1
8388 1
8389 1
8390 1
8391 1
8392 1
8393 1
8394 1
8395 1
8396 1
8397 1
8398 1
8399 1
8400 1
8401 1
8402 1
8403 1
8404 1
8405 1
8406 1
8407 1
8408 1
8409 1
8410 1
8411 1
8412 1
8413 1
8414 1
8415 1
8416 1
8417 5
8418 1
8419 3
8420 1
8421 1
8422 1
8423 4
8424 1
8425 3
8426 4
8427 5
8428 2
8429 2
8430 2
8431 2
8432 2
8433 3
8434 2
8435 2
8436 1
8437 2
8438 1
8439 1
8440 4
8441 1
8442 1
8443 3
8444 2
8445 1
8446 1
8447 3
8448 5
8449 1
8450 4
8451 1
8452 1
8453 3
8454 3
8455 3
8456 4
8457 5
8458 3
8459 4
8460 4
8461 5
8462 5
8463 3
8464 2
8465 2
8466 2
8467 3
8468 3
8469 5
8470 1
8471 3
8472 3
8473 2
8474 2
8475 2
8476 2
8477 3
8478 3
8479 3
8480 1
8481 1
8482 1
8483 1
8484 1
8485 1
8486 1
8487 1
8488 1
8489 3
8490 2
8491 1
8492 1
8493 1
8494 1
8495 1
8496 1
8497 1
8498 1
8499 1
8500 1
8501 1
8502 1
8503 1
8504 1
8505 1
8506 1
8507 1
8508 1
8509 1
8510 1
8511 1
8512 1
8513 1
8514 1
8515 1
8516 1
8517 1
8518 1
8519 1
8520 1
8521 1
8522 1
8523 1
8524 1
8525 1
8526 1
8527 1
8528 1
8529 1
8530 1
8531 1
8532 1
8533 1
8534 1
8535 1
8536 1
8537 1
8538 1
8539 1
8540 1
8541 1
8542 1
8543 1
8544 1
8545 1
8546 1
8547 1
8548 1
8549 1
8550 1
8551 1
8552 1
8553 1
8554 1
8555 1
8556 1
8557 1
8558 1
8559 1
8560 1
8561 1
8562 1
8563 1
8564 1
8565 1
8566 1
8567 1
8568 1
8569 1
8570 1
8571 1
8572 1
8573 1
8574 1
8575 1
8576 1
8577 1
8578 1
8579 1
8580 1
8581 1
8582 1
8583 1
8584 1
8585 1
8586 1
8587 1
8588 1
8589 1
8590 1
8591 1
8592 1
8593 4
8594 4
8595 5
8596 1
8597 1
8598 2
8599 4
8600 2
8601 5
8602 2
8603 4
8604 1
8605 3
8606 1
8607 1
8608 3
8609 1
8610 3
8611 3
8612 3
8613 3
8614 1
8615 3
8616 1
8617 1
8618 1
8619 2
8620 2
8621 4
8622 4
8623 3
8624 3
8625 1
8626 3
8627 3
8628 1
8629 1
8630 1
8631 2
8632 3
8633 5
8634 3
8635 3
8636 2
8637 1
8638 3
8639 3
8640 3
8641 3
8642 5
8643 1
8644 1
8645 1
8646 1
8647 5
8648 1
8649 1
8650 5
8651 5
8652 4
8653 5
8654 5
8655 1
8656 4
8657 4
8658 5
8659 2
8660 2
8661 1
8662 1
8663 3
8664 3
8665 1
8666 1
8667 5
8668 3
8669 5
8670 5
8671 2
8672 1
8673 2
8674 1
8675 5
8676 1
8677 3
8678 1
8679 3
8680 4
8681 1
8682 1
8683 1
8684 5
8685 4
8686 1
8687 5
8688 2
8689 2
8690 4
8691 2
8692 1
8693 3
8694 1
8695 3
8696 5
8697 3
8698 4
8699 5
8700 4
8701 2
8702 3
8703 1
8704 3
8705 3
8706 2
8707 4
8708 4
8709 1
8710 4
8711 2
8712 2
8713 2
8714 2
8715 3
8716 1
8717 2
8718 3
8719 1
8720 1
8721 1
8722 1
8723 3
8724 2
8725 3
8726 1
8727 1
8728 1
8729 1
8730 1
8731 1
8732 1
8733 1
8734 1
8735 1
8736 1
8737 1
8738 1
8739 1
8740 1
8741 1
8742 1
8743 1
8744 1
8745 1
8746 1
8747 1
8748 2
8749 4
8750 2
8751 2
8752 2
8753 3
8754 3
8755 2
8756 3
8757 1
8758 1
8759 1
8760 1
8761 1
8762 1
8763 1
8764 2
8765 3
8766 3
8767 3
8768 2
8769 5
8770 3
8771 3
8772 2
8773 3
8774 5
8775 5
8776 2
8777 1
8778 1
8779 1
8780 1
8781 1
8782 1
8783 1
8784 1
8785 1
8786 1
8787 1
8788 1
8789 1
8790 1
8791 1
8792 3
8793 1
8794 4
8795 4
8796 3
8797 5
8798 4
8799 2
8800 1
8801 1
8802 1
8803 1
8804 1
8805 1
8806 4
8807 2
8808 5
8809 3
8810 1
8811 1
8812 1
8813 1
8814 1
8815 1
8816 1
8817 2
8818 1
8819 4
8820 3
8821 1
8822 2
8823 2
8824 4
8825 2
8826 1
8827 1
8828 1
8829 1
8830 1
8831 4
8832 5
8833 4
8834 3
8835 2
8836 1
8837 1
8838 1
8839 5
8840 1
8841 1
8842 5
8843 3
8844 2
8845 3
8846 3
8847 3
8848 3
8849 2
8850 3
8851 3
8852 5
8853 3
8854 3
8855 4
8856 4
8857 3
8858 3
8859 1
8860 1
8861 3
8862 1
8863 1
8864 1
8865 1
8866 1
8867 4
8868 2
8869 5
8870 3
8871 1
8872 1
8873 1
8874 1
8875 2
8876 4
8877 4
8878 2
8879 1
8880 4
8881 4
8882 2
8883 3
8884 4
8885 1
8886 1
8887 1
8888 1
8889 1
8890 1
8891 1
8892 2
8893 3
8894 4
8895 5
8896 4
8897 2
8898 1
8899 1
8900 1
8901 1
8902 1
8903 1
8904 1
8905 1
8906 1
8907 1
8908 1
8909 1
8910 1
8911 1
8912 1
8913 1
8914 1
8915 1
8916 1
8917 1
8918 1
8919 1
8920 1
8921 1
8922 1
8923 1
8924 1
8925 4
8926 2
8927 1
8928 3
8929 4
8930 4
8931 2
8932 2
8933 5
8934 1
8935 3
8936 2
8937 2
8938 5
8939 5
8940 2
8941 2
8942 2
8943 2
8944 2
8945 2
8946 2
8947 5
8948 1
8949 1
8950 1
8951 1
8952 1
8953 1
8954 1
8955 5
8956 5
8957 3
8958 3
8959 2
8960 1
8961 1
8962 1
8963 1
8964 1
8965 1
8966 1
8967 1
8968 1
8969 1
8970 1
8971 3
8972 4
8973 5
8974 4
8975 1
8976 1
8977 1
8978 2
8979 3
8980 1
8981 1
8982 1
8983 1
8984 1
8985 1
8986 1
8987 1
8988 1
8989 1
8990 1
8991 1
8992 1
8993 1
8994 1
8995 1
8996 1
8997 1
8998 1
8999 1
9000 1
9001 1
9002 1
9003 1
9004 1
9005 1
9006 1
9007 1
9008 1
9009 1
9010 1
9011 1
9012 1
9013 1
9014 1
9015 1
9016 1
9017 1
9018 1
9019 1
9020 1
9021 1
9022 1
9023 1
9024 1
9025 1
9026 1
9027 1
9028 1
9029 1
9030 1
9031 1
9032 1
9033 1
9034 1
9035 1
9036 1
9037 3
9038 1
9039 1
9040 2
9041 1
9042 1
9043 1
9044 4
9045 4
9046 3
9047 1
9048 1
9049 1
9050 1
9051 1
9052 2
9053 5
9054 3
9055 3
9056 1
9057 1
9058 1
9059 5
9060 1
9061 1
9062 4
9063 1
9064 1
9065 1
9066 1
9067 1
9068 1
9069 1
9070 1
9071 1
9072 1
9073 1
9074 1
9075 1
9076 1
9077 1
9078 1
9079 1
9080 1
9081 1
9082 1
9083 1
9084 1
9085 1
9086 3
9087 5
9088 1
9089 1
9090 1
9091 1
9092 2
9093 1
9094 2
9095 3
9096 3
9097 3
9098 4
9099 3
9100 1
9101 1
9102 1
9103 1
9104 1
9105 1
9106 1
9107 1
9108 1
9109 1
9110 2
9111 4
9112 2
9113 2
9114 4
9115 1
9116 2
9117 3
9118 5
9119 1
9120 3
9121 1
9122 1
9123 1
9124 1
9125 5
9126 1
9127 1
9128 1
9129 4
9130 5
9131 1
9132 2
9133 1
9134 3
9135 3
9136 1
9137 3
9138 2
9139 1
9140 1
9141 1
9142 1
9143 1
9144 1
9145 1
9146 1
9147 1
9148 1
9149 1
9150 1
9151 1
9152 1
9153 1
9154 1
9155 1
9156 1
9157 1
9158 1
9159 1
9160 1
9161 1
9162 1
9163 1
9164 2
9165 2
9166 2
9167 5
9168 3
9169 1
9170 1
9171 2
9172 1
9173 3
9174 2
9175 5
9176 5
9177 2
9178 1
9179 1
9180 1
9181 1
9182 1
9183 1
9184 1
9185 1
9186 1
9187 1
9188 1
9189 1
9190 3
9191 3
9192 4
9193 4
9194 3
9195 4
9196 4
9197 2
9198 2
9199 1
9200 1
9201 1
9202 1
9203 1
9204 5
9205 2
9206 1
9207 1
9208 3
9209 1
9210 2
9211 4
9212 4
9213 5
9214 3
9215 2
9216 1
9217 1
9218 1
9219 1
9220 1
9221 1
9222 1
9223 1
9224 1
9225 1
9226 1
9227 1
9228 1
9229 1
9230 1
9231 1
9232 1
9233 1
9234 1
9235 1
9236 2
9237 3
9238 1
9239 1
9240 1
9241 1
9242 1
9243 5
9244 2
9245 1
9246 1
9247 1
9248 1
9249 2
9250 2
9251 2
9252 3
9253 3
9254 3
9255 3
9256 1
9257 5
9258 5
9259 1
9260 1
9261 1
9262 2
9263 4
9264 4
9265 3
9266 3
9267 1
9268 1
9269 1
9270 1
9271 4
9272 1
9273 1
9274 1
9275 1
9276 1
9277 1
9278 5
9279 4
9280 3
9281 4
9282 3
9283 1
9284 2
9285 3
9286 2
9287 1
9288 4
9289 5
9290 4
9291 2
9292 4
9293 3
9294 5
9295 4
9296 5
9297 3
9298 2
9299 3
9300 3
9301 2
9302 4
9303 2
9304 2
9305 3
9306 3
9307 4
9308 3
9309 3
9310 1
9311 1
9312 5
9313 1
9314 5
9315 1
9316 1
9317 1
9318 3
9319 2
9320 4
9321 3
9322 3
9323 1
9324 3
9325 1
9326 1
9327 5
9328 3
9329 5
9330 2
9331 2
9332 4
9333 3
9334 4
9335 4
9336 2
9337 1
9338 1
9339 1
9340 3
9341 1
9342 4
9343 5
9344 2
9345 1
9346 2
9347 4
9348 4
9349 5
9350 4
9351 2
9352 1
9353 5
9354 2
9355 1
9356 1
9357 1
9358 1
9359 5
9360 3
9361 1
9362 1
9363 1
9364 2
9365 3
9366 4
9367 3
9368 3
9369 3
9370 2
9371 1
9372 2
9373 1
9374 5
9375 3
9376 1
9377 4
9378 3
9379 3
9380 2
9381 4
9382 4
9383 1
9384 2
9385 2
9386 3
9387 4
9388 2
9389 3
9390 4
9391 1
9392 2
9393 5
9394 4
9395 5
9396 1
9397 1
9398 5
9399 3
9400 5
9401 4
9402 2
9403 3
9404 1
9405 2
9406 3
9407 4
9408 2
9409 1
9410 1
9411 1
9412 1
9413 1
9414 1
9415 1
9416 1
9417 1
9418 1
9419 1
9420 1
9421 1
9422 1
9423 1
9424 1
9425 1
9426 1
9427 1
9428 1
9429 1
9430 1
9431 1
9432 1
9433 1
9434 1
9435 1
9436 1
9437 1
9438 1
9439 1
9440 1
9441 1
9442 1
9443 1
9444 1
9445 1
9446 1
9447 1
9448 1
9449 1
9450 1
9451 1
9452 1
9453 1
9454 1
9455 1
9456 2
9457 1
9458 1
9459 1
9460 1
9461 1
9462 1
9463 1
9464 1
9465 1
9466 1
9467 1
9468 1
9469 1
9470 1
9471 1
9472 1
9473 1
9474 1
9475 1
9476 1
9477 1
9478 1
9479 1
9480 1
9481 1
9482 1
9483 1
9484 1
9485 1
9486 1
9487 1
9488 1
9489 1
9490 1
9491 1
9492 1
9493 4
9494 1
9495 1
9496 1
9497 1
9498 1
9499 1
9500 1
9501 1
9502 1
9503 1
9504 1
9505 1
9506 1
9507 1
9508 1
9509 1
9510 1
9511 1
9512 4
9513 4
9514 4
9515 1
9516 1
9517 1
9518 1
9519 1
9520 1
9521 1
9522 1
9523 1
9524 1
9525 1
9526 1
9527 3
9528 1
9529 1
9530 1
9531 1
9532 1
9533 1
9534 1
9535 1
9536 1
9537 1
9538 1
9539 1
9540 1
9541 1
9542 1
9543 2
9544 1
9545 1
9546 1
9547 1
9548 1
9549 1
9550 1
9551 1
9552 1
9553 1
9554 1
9555 1
9556 5
9557 1
9558 3
9559 3
9560 5
9561 3
9562 1
9563 1
9564 2
9565 2
9566 2
9567 2
9568 3
9569 2
9570 5
9571 3
9572 1
9573 1
9574 1
9575 1
9576 1
9577 1
9578 1
9579 1
9580 1
9581 1
9582 1
9583 1
9584 1
9585 1
9586 1
9587 1
9588 1
9589 1
9590 1
9591 1
9592 1
9593 1
9594 1
9595 1
9596 1
9597 1
9598 1
9599 1
9600 1
9601 1
9602 1
9603 1
9604 1
9605 1
9606 1
9607 1
9608 1
9609 1
9610 1
9611 1
9612 1
9613 1
9614 1
9615 1
9616 1
9617 1
9618 1
9619 1
9620 1
9621 1
9622 1
9623 1
9624 1
9625 1
9626 1
9627 1
9628 1
9629 1
9630 1
9631 1
9632 1
9633 1
9634 1
9635 1
9636 1
9637 1
9638 1
9639 1
9640 1
9641 1
9642 1
9643 1
9644 1
9645 1
9646 2
9647 1
9648 1
9649 2
9650 1
9651 5
9652 5
9653 3
9654 3
9655 4
9656 1
9657 1
9658 2
9659 3
9660 1
9661 1
9662 5
9663 1
9664 1
9665 2
9666 3
9667 3
9668 5
9669 5
9670 2
9671 2
9672 4
9673 1
9674 3
9675 3
9676 3
9677 1
9678 1
9679 1
9680 2
9681 4
9682 3
9683 5
9684 3
9685 5
9686 2
9687 4
9688 4
9689 2
9690 1
9691 4
9692 4
9693 2
9694 2
9695 2
9696 3
9697 3
9698 5
9699 4
9700 2
9701 1
9702 1
9703 1
9704 1
9705 1
9706 1
9707 1
9708 1
9709 1
9710 4
9711 1
9712 1
9713 1
9714 1
9715 1
9716 1
9717 1
9718 1
9719 3
9720 1
9721 1
9722 1
9723 1
9724 1
9725 1
9726 1
9727 1
9728 1
9729 1
9730 1
9731 1
9732 1
9733 1
9734 1
9735 1
9736 1
9737 1
9738 1
9739 1
9740 1
9741 1
9742 1
9743 1
9744 1
9745 1
9746 1
9747 1
9748 1
9749 4
9750 3
9751 1
9752 4
9753 2
9754 2
9755 2
9756 5
9757 5
9758 2
9759 4
9760 3
9761 3
9762 2
9763 1
9764 4
9765 1
9766 1
9767 1
9768 1
9769 1
9770 1
9771 1
9772 1
9773 1
9774 1
9775 1
9776 1
9777 1
9778 1
9779 1
9780 1
9781 1
9782 1
9783 3
9784 1
9785 1
9786 1
9787 2
9788 5
9789 1
9790 4
9791 4
9792 5
9793 5
9794 2
9795 2
9796 2
9797 4
9798 5
9799 1
9800 2
9801 5
9802 1
9803 1
9804 1
9805 1
9806 1
9807 1
9808 1
9809 1
9810 1
9811 1
9812 1
9813 1
9814 1
9815 1
9816 1
9817 1
9818 1
9819 1
9820 1
9821 1
9822 2
9823 5
9824 1
9825 2
9826 3
9827 4
9828 3
9829 4
9830 1
9831 1
9832 2
9833 3
9834 3
9835 2
9836 4
9837 1
9838 1
9839 1
9840 1
9841 1
9842 1
9843 1
9844 1
9845 1
9846 1
9847 1
9848 1
9849 1
9850 1
9851 1
9852 1
9853 1
9854 1
9855 1
9856 1
9857 1
9858 3
9859 4
9860 2
9861 3
9862 3
9863 3
9864 2
9865 3
9866 4
9867 2
9868 5
9869 2
9870 5
9871 1
9872 1
9873 5
9874 1
9875 4
9876 1
9877 1
9878 1
9879 1
9880 1
9881 1
9882 1
9883 1
9884 1
9885 1
9886 1
9887 1
9888 3
9889 2
9890 3
9891 1
9892 2
9893 2
9894 5
9895 1
9896 5
9897 3
9898 2
9899 3
9900 3
9901 1
9902 1
9903 2
9904 4
9905 3
9906 5
9907 2
9908 4
9909 2
9910 2
9911 1
9912 1
9913 1
9914 5
9915 3
9916 1
9917 2
9918 2
9919 2
9920 1
9921 1
9922 1
9923 1
9924 4
9925 4
9926 5
9927 4
9928 1
9929 1
9930 5
9931 3
9932 3
9933 2
9934 5
9935 5
9936 1
9937 4
9938 1
9939 3
9940 2
9941 2
9942 5
9943 3
9944 2
9945 5
9946 2
9947 5
9948 1
9949 1
9950 1
9951 1
9952 1
9953 1
9954 1
9955 1
9956 1
9957 1
9958 3
9959 2
9960 2
9961 1
9962 1
9963 1
9964 1
9965 1
9966 2
9967 4
9968 1
9969 1
9970 1
9971 1
9972 2
9973 5
9974 5
9975 1
9976 1
9977 1
9978 1
9979 5
9980 2
9981 1
9982 1
9983 1
9984 1
9985 1
9986 5
9987 3
9988 1
9989 1
9990 1
9991 1
9992 1
9993 1
9994 1
9995 1
9996 1
9997 1
9998 1
9999 1
10000 3
10001 1
10002 1
10003 1
10004 1
10005 1
10006 1
10007 1
10008 1
10009 1
10010 1
10011 1
10012 1
10013 1
10014 1
10015 1
10016 1
10017 1
10018 1
10019 1
10020 1
10021 1
10022 1
10023 1
10024 1
10025 1
10026 1
10027 1
10028 1
10029 1
10030 1
10031 1
10032 1
10033 1
10034 1
10035 1
10036 4
10037 3
10038 2
10039 2
10040 3
10041 3
10042 3
10043 5
10044 2
10045 5
10046 1
10047 5
10048 2
10049 4
10050 1
10051 1
10052 5
10053 1
10054 5
10055 1
10056 1
10057 1
10058 1
10059 1
10060 1
10061 1
10062 4
10063 3
10064 1
10065 1
10066 4
10067 4
10068 4
10069 5
10070 1
10071 1
10072 3
10073 2
10074 3
10075 4
10076 1
10077 2
10078 2
10079 3
10080 2
10081 2
10082 3
10083 1
10084 2
10085 2
10086 5
10087 4
10088 5
10089 5
10090 2
10091 2
10092 2
10093 3
10094 2
10095 2
10096 1
10097 1
10098 1
10099 1
10100 1
10101 1
10102 1
10103 1
10104 1
10105 1
10106 1
10107 1
10108 1
10109 1
10110 1
10111 1
10112 1
10113 1
10114 1
10115 1
10116 1
10117 1
10118 1
10119 1
10120 3
10121 4
10122 1
10123 1
10124 1
10125 1
10126 1
10127 1
10128 1
10129 1
10130 1
10131 1
10132 1
10133 1
10134 1
10135 1
10136 1
10137 1
10138 1
10139 5
10140 3
10141 2
10142 2
10143 2
10144 3
10145 2
10146 1
10147 1
10148 1
10149 1
10150 5
10151 5
10152 1
10153 1
10154 1
10155 1
10156 1
10157 1
10158 1
10159 1
10160 1
10161 1
10162 1
10163 1
10164 1
10165 4
10166 5
10167 1
10168 4
10169 3
10170 3
10171 1
10172 3
10173 3
10174 2
10175 3
10176 2
10177 5
10178 1
10179 1
10180 1
10181 1
10182 1
10183 2
10184 2
10185 3
10186 1
10187 3
10188 3
10189 1
10190 1
10191 1
10192 1
10193 1
10194 1
10195 2
10196 1
10197 1
10198 4
10199 3
10200 2
10201 4
10202 1
10203 1
10204 1
10205 4
10206 2
10207 5
10208 3
10209 5
10210 1
10211 1
10212 1
10213 1
10214 1
10215 1
10216 1
10217 1
10218 1
10219 1
10220 1
10221 3
10222 5
10223 5
10224 2
10225 1
10226 1
10227 1
10228 1
10229 1
10230 1
10231 2
10232 1
10233 1
10234 1
10235 1
10236 1
10237 1
10238 1
10239 1
10240 1
10241 1
10242 1
10243 3
10244 5
10245 1
10246 1
10247 1
10248 1
10249 1
10250 1
10251 1
10252 1
10253 1
10254 1
10255 1
10256 1
10257 1
10258 1
10259 1
10260 1
10261 1
10262 1
10263 1
10264 1
10265 4
10266 1
10267 1
10268 1
10269 1
10270 1
10271 1
10272 1
10273 1
10274 1
10275 1
10276 1
10277 1
10278 1
10279 1
10280 1
10281 2
10282 5
10283 1
10284 2
10285 2
10286 1
10287 1
10288 1
10289 1
10290 1
10291 1
10292 5
10293 2
10294 2
10295 5
10296 3
10297 3
10298 3
10299 3
10300 1
10301 1
10302 1
10303 2
10304 1
10305 3
10306 5
10307 1
10308 1
10309 1
10310 1
10311 1
10312 1
10313 1
10314 1
10315 1
10316 2
10317 1
10318 3
10319 1
10320 1
10321 1
10322 1
10323 1
10324 1
10325 1
10326 1
10327 1
10328 3
10329 1
10330 1
10331 1
10332 1
10333 1
10334 2
10335 2
10336 1
10337 1
10338 5
10339 3
10340 1
10341 1
10342 3
10343 3
10344 2
10345 3
10346 1
10347 1
10348 3
10349 1
10350 1
10351 1
10352 1
10353 1
10354 1
10355 1
10356 1
10357 1
10358 1
10359 1
10360 1
10361 1
10362 1
10363 1
10364 1
10365 1
10366 1
10367 1
10368 3
10369 1
10370 1
10371 1
10372 1
10373 1
10374 1
10375 1
10376 1
10377 1
10378 1
10379 2
10380 5
10381 4
10382 2
10383 1
10384 5
10385 3
10386 4
10387 4
10388 1
10389 1
10390 1
10391 1
10392 1
10393 1
10394 1
10395 1
10396 1
10397 3
10398 5
10399 1
10400 2
10401 5
10402 1
10403 1
10404 1
10405 1
10406 1
10407 1
10408 1
10409 1
10410 1
10411 1
10412 1
10413 3
10414 4
10415 1
10416 1
10417 5
10418 3
10419 3
10420 2
10421 4
10422 1
10423 1
10424 1
10425 1
10426 1
10427 1
10428 1
10429 1
10430 1
10431 1
10432 1
10433 1
10434 1
10435 1
10436 1
10437 1
10438 1
10439 1
10440 1
10441 4
10442 2
10443 5
10444 2
10445 4
10446 1
10447 1
10448 1
10449 1
10450 1
10451 1
10452 1
10453 1
10454 1
10455 1
10456 1
10457 4
10458 3
10459 3
10460 1
10461 1
10462 1
10463 4
10464 4
10465 1
10466 1
10467 1
10468 3
10469 2
10470 4
10471 1
10472 5
10473 5
10474 5
10475 1
10476 1
10477 1
10478 1
10479 1
10480 1
10481 1
10482 1
10483 1
10484 1
10485 1
10486 1
10487 1
10488 3
10489 4
10490 1
10491 4
10492 2
10493 2
10494 1
10495 1
10496 1
10497 2
10498 1
10499 1
10500 1
10501 1
10502 1
10503 5
10504 4
10505 3
10506 3
10507 1
10508 1
10509 1
10510 1
10511 1
10512 4
10513 5
10514 1
10515 1
10516 4
10517 2
10518 4
10519 3
10520 5
10521 2
10522 3
10523 5
10524 2
10525 1
10526 5
10527 4
10528 4
10529 2
10530 4
10531 3
10532 3
10533 2
10534 4
10535 1
10536 1
10537 1
10538 1
10539 1
10540 1
10541 5
10542 1
10543 5
10544 2
10545 4
10546 4
10547 4
10548 3
10549 3
10550 4
10551 1
10552 1
10553 1
10554 1
10555 1
10556 4
10557 3
10558 2
10559 4
10560 5
10561 4
10562 4
10563 2
10564 4
10565 1
10566 2
10567 1
10568 1
10569 4
10570 1
10571 3
10572 4
10573 1
10574 1
10575 3
10576 3
10577 1
10578 4
10579 1
10580 1
10581 1
10582 4
10583 3
10584 5
10585 1
10586 1
10587 1
10588 1
10589 1
10590 1
10591 5
10592 1
10593 4
10594 2
10595 3
10596 2
10597 1
10598 4
10599 1
10600 1
10601 2
10602 1
10603 2
10604 3
10605 4
10606 5
10607 1
10608 4
10609 1
10610 4
10611 1
10612 1
10613 1
10614 1
10615 4
10616 2
10617 3
10618 1
10619 1
10620 5
10621 4
10622 4
10623 5
10624 1
10625 2
10626 5
10627 2
10628 1
10629 2
10630 1
10631 1
10632 1
10633 2
10634 4
10635 5
10636 4
10637 4
10638 3
10639 1
10640 1
10641 4
10642 4
10643 4
10644 2
10645 5
10646 1
10647 5
10648 4
10649 4
10650 5
10651 1
10652 4
10653 2
10654 1
10655 3
10656 4
10657 4
10658 1
10659 5
10660 5
10661 4
10662 4
10663 4
10664 5
10665 5
10666 4
10667 4
10668 5
10669 4
10670 4
